 number of points in the x direction 128
 number of points in the y direction 64
 grid spacing in the x direction     100000.000000
 grid spacing in the y direction     100000.000000
 time step                           90.000000
 time filter parameter               0.001000


 initial diagonal elements of p
50000.120479 50000.119031 50000.114736 50000.107733 50000.098249 50000.086593 50000.073140 50000.058318 50000.042596 50000.026463 50000.010415 49999.994929 49999.980457 49999.967399 49999.956098 49999.946823 49999.939761 49999.935014 49999.932594 49999.932426 49999.934352 49999.938136 49999.943480 49999.950033 49999.957404 49999.965187 49999.972965 49999.980341 49999.986942 49999.992442 49999.996572 49999.999133 50000.000000 49999.999133 49999.996572 49999.992442 49999.986942 49999.980341 49999.972965 49999.965186 49999.957404 49999.950032 49999.943480 49999.938136 49999.934352 49999.932426 49999.932594 49999.935014 49999.939761 49999.946823 49999.956098 49999.967399 49999.980457 49999.994929 50000.010415 50000.026463 50000.042596 50000.058318 50000.073140 50000.086593 50000.098249 50000.107733 50000.114736 50000.119031 
 initial diagonal elements of u
-0.024055 -0.071672 -0.117970 -0.162177 -0.203565 -0.241469 -0.275292 -0.304527 -0.328760 -0.347683 -0.361099 -0.368923 -0.371189 -0.368042 -0.359741 -0.346647 -0.329221 -0.308006 -0.283621 -0.256747 -0.228107 -0.198455 -0.168557 -0.139173 -0.111045 -0.084875 -0.061312 -0.040941 -0.024262 -0.011690 -0.003534 0.000000 -0.001182 -0.007059 -0.017499 -0.032259 -0.050991 -0.073249 -0.098501 -0.126139 -0.155492 -0.185841 -0.216434 -0.246507 -0.275292 -0.302044 -0.326050 -0.346647 -0.363239 -0.375306 -0.382419 -0.384250 -0.380574 -0.371284 -0.356383 -0.335994 -0.310349 -0.279794 -0.244772 -0.205822 -0.163564 -0.118686 -0.071932 -0.024084 
 initial diagonal elements of v
0.023968 0.070806 0.114955 0.155003 0.189627 0.217628 0.237958 0.249739 0.252289 0.245133 0.228018 0.200917 0.164032 0.117788 0.062828 -0.000000 -0.069665 -0.144970 -0.224578 -0.307042 -0.390835 -0.474381 -0.556089 -0.634390 -0.707765 -0.774782 -0.834126 -0.884623 -0.925271 -0.955259 -0.973982 -0.981058 -0.976334 -0.959889 -0.932034 -0.893304 -0.844447 -0.786408 -0.720309 -0.647424 -0.569154 -0.486995 -0.402508 -0.317283 -0.232907 -0.150931 -0.072835 0.000000 0.066327 0.125052 0.175262 0.216244 0.247494 0.268733 0.279912 0.281206 0.273015 0.255953 0.230834 0.198649 0.160550 0.117820 0.071845 0.024084 


 diagonal elements of p (1st step)
50000.120482 50000.119031 50000.114735 50000.107732 50000.098248 50000.086592 50000.073138 50000.058315 50000.042593 50000.026461 50000.010412 49999.994927 49999.980455 49999.967398 49999.956097 49999.946822 49999.939760 49999.935014 49999.932594 49999.932426 49999.934352 49999.938136 49999.943479 49999.950031 49999.957403 49999.965185 49999.972964 49999.980339 49999.986940 49999.992440 49999.996571 49999.999132 50000.000000 49999.999133 49999.996573 49999.992443 49999.986943 49999.980342 49999.972967 49999.965187 49999.957405 49999.950032 49999.943480 49999.938135 49999.934351 49999.932425 49999.932593 49999.935013 49999.939760 49999.946823 49999.956099 49999.967401 49999.980459 49999.994931 50000.010417 50000.026466 50000.042598 50000.058320 50000.073141 50000.086595 50000.098250 50000.107733 50000.114736 50000.119031 
 diagonal elements of u (1st step)
-0.024057 -0.071674 -0.117972 -0.162178 -0.203567 -0.241470 -0.275293 -0.304527 -0.328760 -0.347683 -0.361098 -0.368922 -0.371187 -0.368040 -0.359739 -0.346645 -0.329219 -0.308004 -0.283620 -0.256746 -0.228106 -0.198454 -0.168556 -0.139173 -0.111045 -0.084875 -0.061313 -0.040942 -0.024264 -0.011691 -0.003536 -0.000002 -0.001184 -0.007061 -0.017501 -0.032261 -0.050992 -0.073250 -0.098502 -0.126140 -0.155492 -0.185840 -0.216434 -0.246505 -0.275291 -0.302043 -0.326048 -0.346645 -0.363237 -0.375304 -0.382417 -0.384248 -0.380573 -0.371283 -0.356383 -0.335993 -0.310350 -0.279794 -0.244773 -0.205823 -0.163566 -0.118688 -0.071934 -0.024086 
 diagonal elements of v (1st step)
0.023967 0.070803 0.114951 0.154997 0.189620 0.217620 0.237948 0.249728 0.252277 0.245120 0.228004 0.200903 0.164016 0.117772 0.062812 -0.000016 -0.069681 -0.144985 -0.224593 -0.307057 -0.390849 -0.474394 -0.556102 -0.634402 -0.707775 -0.774791 -0.834133 -0.884629 -0.925276 -0.955262 -0.973984 -0.981058 -0.976333 -0.959886 -0.932030 -0.893298 -0.844440 -0.786399 -0.720299 -0.647413 -0.569142 -0.486982 -0.402494 -0.317268 -0.232892 -0.150915 -0.072820 0.000016 0.066342 0.125067 0.175278 0.216258 0.247508 0.268747 0.279924 0.281217 0.273025 0.255963 0.230841 0.198655 0.160555 0.117823 0.071847 0.024084 

 cycle number 3999 model time in hours 100.000000


 diagonal elements of p (3999 steps)
50000.457668 50000.449606 50000.435544 50000.415731 50000.390535 50000.360431 50000.325978 50000.287812 50000.246628 50000.203160 50000.158165 50000.112391 50000.066563 50000.021374 49999.977458 49999.935382 49999.895629 49999.858594 49999.824584 49999.793807 49999.766387 49999.742358 49999.721679 49999.704243 49999.689888 49999.678418 49999.669610 49999.663231 49999.659055 49999.656872 49999.656502 49999.657812 49999.660707 49999.665151 49999.671149 49999.678761 49999.688090 49999.699275 49999.712487 49999.727905 49999.745707 49999.766066 49999.789118 49999.814960 49999.843629 49999.875101 49999.909271 49999.945954 49999.984874 50000.025670 50000.067895 50000.111022 50000.154465 50000.197571 50000.239652 50000.279999 50000.317890 50000.352624 50000.383532 50000.409998 50000.431476 50000.447512 50000.457752 50000.461962 
 diagonal elements of u (3999 steps)
-0.024087 -0.071696 -0.117984 -0.162182 -0.203561 -0.241456 -0.275272 -0.304500 -0.328727 -0.347646 -0.361058 -0.368879 -0.371142 -0.367993 -0.359690 -0.346595 -0.329167 -0.307951 -0.283566 -0.256692 -0.228053 -0.198403 -0.168508 -0.139129 -0.111007 -0.084845 -0.061292 -0.040930 -0.024263 -0.011701 -0.003556 -0.000032 -0.001222 -0.007105 -0.017548 -0.032308 -0.051037 -0.073290 -0.098534 -0.126162 -0.155503 -0.185839 -0.216421 -0.246481 -0.275256 -0.302000 -0.326000 -0.346595 -0.363187 -0.375258 -0.382377 -0.384217 -0.380552 -0.371273 -0.356385 -0.336007 -0.310374 -0.279828 -0.244813 -0.205868 -0.163612 -0.118733 -0.071976 -0.024123 
 diagonal elements of v (3999 step)
0.023994 0.070861 0.115041 0.155119 0.189776 0.217812 0.238177 0.249994 0.252579 0.245457 0.228374 0.201300 0.164437 0.118210 0.063261 0.000436 -0.069233 -0.144549 -0.224174 -0.306662 -0.390482 -0.474059 -0.555801 -0.634137 -0.707547 -0.774598 -0.833974 -0.884503 -0.925182 -0.955198 -0.973949 -0.981053 -0.976357 -0.959941 -0.932117 -0.893418 -0.844595 -0.786591 -0.720527 -0.647679 -0.569445 -0.487320 -0.402864 -0.317666 -0.233313 -0.151354 -0.073268 -0.000436 0.065895 0.124631 0.174858 0.215862 0.247140 0.268411 0.279623 0.280952 0.272796 0.255770 0.230684 0.198531 0.160463 0.117762 0.071816 0.024081 

 cycle number 3999 total computer time 0.322421 time per cycle 0.000081
 time and megaflops for update 0.322082 6611.321092
 time and megabytes/sec for copy 0.000088 9357660.000044
