Device: Intel(R) Iris(R) Xe MAX Graphics [0x4905]
number of points in the x direction 512
number of points in the y direction 512
init file output complete
first step time: 0.021827
halo update time: 0.010564
run complete...
model time (sec) = nan
 gpu cycle number 3999 model time in hours nan


 gpu diagonal elements of p (4000 steps)
50000.007529 50000.007525 50000.007516 50000.007503 50000.007485 50000.007463 50000.007437 50000.007406 50000.007370 50000.007330 50000.007286 50000.007237 50000.007184 50000.007126 50000.007065 50000.006999 50000.006928 50000.006854 50000.006775 50000.006693 50000.006606 50000.006516 50000.006421 50000.006323 50000.006220 50000.006114 50000.006005 50000.005891 50000.005775 50000.005654 50000.005531 50000.005404 50000.005273 50000.005140 50000.005003 50000.004864 50000.004721 50000.004576 50000.004428 50000.004277 50000.004124 50000.003968 50000.003810 50000.003649 50000.003486 50000.003322 50000.003155 50000.002986 50000.002816 50000.002643 50000.002470 50000.002294 50000.002118 50000.001940 50000.001760 50000.001580 50000.001399 50000.001217 50000.001034 50000.000851 50000.000667 50000.000483 50000.000299 50000.000114 49999.999929 49999.999744 49999.999560 49999.999375 49999.999191 49999.999008 49999.998825 49999.998643 49999.998462 49999.998281 49999.998102 49999.997924 49999.997747 49999.997571 49999.997397 49999.997224 49999.997053 49999.996884 49999.996717 49999.996552 49999.996388 49999.996227 49999.996068 49999.995912 49999.995758 49999.995607 49999.995458 49999.995312 49999.995169 49999.995029 49999.994891 49999.994757 49999.994626 49999.994498 49999.994374 49999.994253 49999.994135 49999.994021 49999.993910 49999.993804 49999.993700 49999.993601 49999.993506 49999.993414 49999.993327 49999.993243 49999.993163 49999.993088 49999.993017 49999.992950 49999.992887 49999.992829 49999.992775 49999.992725 49999.992679 49999.992638 49999.992602 49999.992570 49999.992542 49999.992519 49999.992500 49999.992486 49999.992477 49999.992471 49999.992471 49999.992475 49999.992483 49999.992497 49999.992514 49999.992536 49999.992563 49999.992594 49999.992629 49999.992669 49999.992714 49999.992763 49999.992816 49999.992873 49999.992935 49999.993001 49999.993071 49999.993146 49999.993224 49999.993307 49999.993393 49999.993484 49999.993579 49999.993677 49999.993779 49999.993885 49999.993995 49999.994108 49999.994225 49999.994345 49999.994469 49999.994596 49999.994726 49999.994860 49999.994996 49999.995136 49999.995279 49999.995424 49999.995572 49999.995723 49999.995876 49999.996032 49999.996190 49999.996351 49999.996514 49999.996678 49999.996845 49999.997014 49999.997184 49999.997357 49999.997530 49999.997706 49999.997882 49999.998060 49999.998239 49999.998420 49999.998601 49999.998783 49999.998966 49999.999149 49999.999333 49999.999517 49999.999701 49999.999886 50000.000071 50000.000256 50000.000440 50000.000625 50000.000809 50000.000992 50000.001175 50000.001357 50000.001538 50000.001719 50000.001898 50000.002076 50000.002253 50000.002429 50000.002603 50000.002776 50000.002947 50000.003116 50000.003283 50000.003448 50000.003612 50000.003773 50000.003931 50000.004088 50000.004242 50000.004393 50000.004542 50000.004688 50000.004831 50000.004971 50000.005109 50000.005243 50000.005374 50000.005502 50000.005626 50000.005747 50000.005865 50000.005979 50000.006089 50000.006196 50000.006299 50000.006398 50000.006494 50000.006585 50000.006673 50000.006757 50000.006836 50000.006911 50000.006983 50000.007050 50000.007112 50000.007171 50000.007225 50000.007275 50000.007320 50000.007361 50000.007398 50000.007430 50000.007458 50000.007481 50000.007499 50000.007513 50000.007523 50000.007528 50000.007528 50000.007524 50000.007516 50000.007503 50000.007485 50000.007463 50000.007437 50000.007406 50000.007370 50000.007330 50000.007286 50000.007237 50000.007184 50000.007126 50000.007065 50000.006999 50000.006928 50000.006854 50000.006775 50000.006693 50000.006606 50000.006516 50000.006421 50000.006323 50000.006220 50000.006114 50000.006005 50000.005891 50000.005775 50000.005654 50000.005531 50000.005404 50000.005273 50000.005140 50000.005003 50000.004864 50000.004721 50000.004576 50000.004428 50000.004277 50000.004124 50000.003968 50000.003810 50000.003649 50000.003486 50000.003322 50000.003155 50000.002986 50000.002816 50000.002643 50000.002470 50000.002294 50000.002118 50000.001940 50000.001760 50000.001580 50000.001399 50000.001217 50000.001034 50000.000851 50000.000667 50000.000483 50000.000299 50000.000114 49999.999929 49999.999744 49999.999560 49999.999375 49999.999191 49999.999008 49999.998825 49999.998643 49999.998462 49999.998281 49999.998102 49999.997924 49999.997747 49999.997571 49999.997397 49999.997224 49999.997053 49999.996884 49999.996717 49999.996552 49999.996388 49999.996227 49999.996068 49999.995912 49999.995758 49999.995607 49999.995458 49999.995312 49999.995169 49999.995029 49999.994891 49999.994757 49999.994626 49999.994498 49999.994374 49999.994253 49999.994135 49999.994021 49999.993910 49999.993804 49999.993700 49999.993601 49999.993506 49999.993414 49999.993327 49999.993243 49999.993163 49999.993088 49999.993017 49999.992950 49999.992887 49999.992829 49999.992775 49999.992725 49999.992679 49999.992638 49999.992602 49999.992570 49999.992542 49999.992519 49999.992500 49999.992486 49999.992477 49999.992471 49999.992471 49999.992475 49999.992483 49999.992497 49999.992514 49999.992536 49999.992563 49999.992594 49999.992629 49999.992669 49999.992714 49999.992763 49999.992816 49999.992873 49999.992935 49999.993001 49999.993071 49999.993146 49999.993224 49999.993307 49999.993393 49999.993484 49999.993579 49999.993677 49999.993779 49999.993885 49999.993995 49999.994108 49999.994225 49999.994345 49999.994469 49999.994596 49999.994726 49999.994860 49999.994996 49999.995136 49999.995279 49999.995424 49999.995572 49999.995723 49999.995876 49999.996032 49999.996190 49999.996351 49999.996514 49999.996678 49999.996845 49999.997014 49999.997184 49999.997357 49999.997530 49999.997706 49999.997882 49999.998060 49999.998239 49999.998420 49999.998601 49999.998783 49999.998966 49999.999149 49999.999333 49999.999517 49999.999701 49999.999886 50000.000071 50000.000256 50000.000440 50000.000625 50000.000809 50000.000992 50000.001175 50000.001357 50000.001538 50000.001719 50000.001898 50000.002076 50000.002253 50000.002429 50000.002603 50000.002776 50000.002947 50000.003116 50000.003283 50000.003448 50000.003612 50000.003773 50000.003931 50000.004088 50000.004242 50000.004393 50000.004542 50000.004688 50000.004831 50000.004971 50000.005108 50000.005243 50000.005374 50000.005501 50000.005626 50000.005747 50000.005865 50000.005979 50000.006089 50000.006196 50000.006299 50000.006398 50000.006494 50000.006585 50000.006673 50000.006757 50000.006836 50000.006911 50000.006983 50000.007050 50000.007112 50000.007171 50000.007225 50000.007275 50000.007320 50000.007361 50000.007398 50000.007430 50000.007457 50000.007481 50000.007499 50000.007513 50000.007523 50000.007528 
 gpu diagonal elements of u (4000 steps)
-0.000753 -0.002258 -0.003762 -0.005263 -0.006761 -0.008254 -0.009743 -0.011225 -0.012700 -0.014167 -0.015626 -0.017075 -0.018513 -0.019940 -0.021355 -0.022757 -0.024144 -0.025517 -0.026875 -0.028216 -0.029539 -0.030845 -0.032132 -0.033399 -0.034646 -0.035872 -0.037076 -0.038258 -0.039416 -0.040550 -0.041660 -0.042744 -0.043802 -0.044834 -0.045838 -0.046815 -0.047763 -0.048682 -0.049572 -0.050432 -0.051261 -0.052058 -0.052825 -0.053559 -0.054261 -0.054929 -0.055565 -0.056167 -0.056734 -0.057268 -0.057766 -0.058230 -0.058658 -0.059051 -0.059408 -0.059729 -0.060014 -0.060262 -0.060474 -0.060649 -0.060787 -0.060889 -0.060953 -0.060981 -0.060972 -0.060926 -0.060843 -0.060723 -0.060566 -0.060372 -0.060142 -0.059876 -0.059573 -0.059234 -0.058859 -0.058448 -0.058002 -0.057521 -0.057005 -0.056455 -0.055870 -0.055251 -0.054599 -0.053913 -0.053195 -0.052445 -0.051663 -0.050850 -0.050005 -0.049131 -0.048226 -0.047292 -0.046330 -0.045339 -0.044321 -0.043276 -0.042205 -0.041108 -0.039986 -0.038839 -0.037669 -0.036476 -0.035261 -0.034025 -0.032768 -0.031490 -0.030194 -0.028879 -0.027547 -0.026197 -0.024832 -0.023452 -0.022057 -0.020648 -0.019227 -0.017795 -0.016351 -0.014897 -0.013434 -0.011963 -0.010484 -0.008999 -0.007508 -0.006012 -0.004512 -0.003010 -0.001505 0.000000 0.001506 0.003011 0.004515 0.006016 0.007514 0.009007 0.010496 0.011978 0.013453 0.014920 0.016379 0.017828 0.019266 0.020693 0.022108 0.023510 0.024897 0.026270 0.027628 0.028969 0.030292 0.031598 0.032885 0.034152 0.035399 0.036625 0.037829 0.039011 0.040169 0.041303 0.042413 0.043497 0.044555 0.045587 0.046591 0.047568 0.048516 0.049435 0.050325 0.051185 0.052014 0.052811 0.053578 0.054312 0.055014 0.055682 0.056318 0.056920 0.057487 0.058021 0.058519 0.058983 0.059411 0.059804 0.060161 0.060482 0.060767 0.061015 0.061227 0.061402 0.061540 0.061642 0.061706 0.061734 0.061725 0.061679 0.061596 0.061476 0.061319 0.061125 0.060895 0.060629 0.060326 0.059987 0.059612 0.059201 0.058755 0.058274 0.057758 0.057208 0.056623 0.056004 0.055352 0.054666 0.053948 0.053198 0.052416 0.051603 0.050758 0.049884 0.048979 0.048045 0.047083 0.046092 0.045074 0.044029 0.042958 0.041861 0.040738 0.039592 0.038422 0.037229 0.036014 0.034778 0.033521 0.032243 0.030947 0.029632 0.028300 0.026950 0.025585 0.024205 0.022810 0.021401 0.019980 0.018548 0.017104 0.015650 0.014187 0.012716 0.011237 0.009752 0.008261 0.006765 0.005265 0.003763 0.002258 0.000753 -0.000753 -0.002258 -0.003762 -0.005263 -0.006761 -0.008254 -0.009743 -0.011225 -0.012700 -0.014167 -0.015626 -0.017075 -0.018513 -0.019940 -0.021355 -0.022757 -0.024144 -0.025517 -0.026875 -0.028216 -0.029539 -0.030845 -0.032132 -0.033399 -0.034646 -0.035872 -0.037076 -0.038258 -0.039416 -0.040550 -0.041660 -0.042744 -0.043802 -0.044834 -0.045838 -0.046815 -0.047763 -0.048682 -0.049572 -0.050432 -0.051261 -0.052058 -0.052825 -0.053559 -0.054261 -0.054929 -0.055565 -0.056167 -0.056734 -0.057268 -0.057766 -0.058230 -0.058658 -0.059051 -0.059408 -0.059729 -0.060014 -0.060262 -0.060474 -0.060649 -0.060787 -0.060889 -0.060953 -0.060981 -0.060972 -0.060926 -0.060843 -0.060723 -0.060566 -0.060372 -0.060142 -0.059876 -0.059573 -0.059234 -0.058859 -0.058448 -0.058002 -0.057521 -0.057005 -0.056455 -0.055870 -0.055251 -0.054599 -0.053913 -0.053195 -0.052445 -0.051663 -0.050850 -0.050005 -0.049131 -0.048226 -0.047292 -0.046330 -0.045339 -0.044321 -0.043276 -0.042205 -0.041108 -0.039986 -0.038839 -0.037669 -0.036476 -0.035261 -0.034025 -0.032768 -0.031490 -0.030194 -0.028879 -0.027547 -0.026197 -0.024832 -0.023452 -0.022057 -0.020648 -0.019227 -0.017795 -0.016351 -0.014897 -0.013434 -0.011963 -0.010484 -0.008999 -0.007508 -0.006012 -0.004512 -0.003010 -0.001505 0.000000 0.001506 0.003011 0.004515 0.006016 0.007514 0.009007 0.010496 0.011978 0.013453 0.014920 0.016379 0.017828 0.019266 0.020693 0.022108 0.023510 0.024897 0.026270 0.027628 0.028969 0.030292 0.031598 0.032885 0.034152 0.035399 0.036625 0.037829 0.039011 0.040169 0.041303 0.042413 0.043497 0.044555 0.045587 0.046591 0.047568 0.048516 0.049435 0.050325 0.051185 0.052014 0.052811 0.053578 0.054312 0.055014 0.055682 0.056318 0.056920 0.057487 0.058021 0.058519 0.058983 0.059411 0.059804 0.060161 0.060482 0.060767 0.061015 0.061227 0.061402 0.061540 0.061642 0.061706 0.061734 0.061725 0.061679 0.061596 0.061476 0.061319 0.061125 0.060895 0.060629 0.060326 0.059987 0.059612 0.059201 0.058755 0.058274 0.057758 0.057208 0.056623 0.056004 0.055352 0.054666 0.053948 0.053198 0.052416 0.051603 0.050758 0.049884 0.048979 0.048045 0.047083 0.046092 0.045074 0.044029 0.042958 0.041861 0.040738 0.039592 0.038422 0.037229 0.036014 0.034778 0.033521 0.032243 0.030947 0.029632 0.028300 0.026950 0.025585 0.024205 0.022810 0.021401 0.019980 0.018548 0.017104 0.015650 0.014187 0.012716 0.011237 0.009752 0.008261 0.006765 0.005265 0.003763 0.002258 0.000753 
 gpu diagonal elements of v (4000 step)
0.000753 0.002258 0.003761 0.005263 0.006760 0.008254 0.009742 0.011224 0.012699 0.014167 0.015625 0.017074 0.018513 0.019940 0.021354 0.022756 0.024144 0.025517 0.026874 0.028215 0.029539 0.030844 0.032131 0.033399 0.034646 0.035872 0.037076 0.038257 0.039415 0.040550 0.041659 0.042744 0.043802 0.044834 0.045838 0.046815 0.047763 0.048682 0.049572 0.050431 0.051260 0.052058 0.052824 0.053559 0.054260 0.054929 0.055565 0.056166 0.056734 0.057268 0.057766 0.058230 0.058658 0.059051 0.059408 0.059729 0.060013 0.060262 0.060474 0.060649 0.060787 0.060889 0.060953 0.060981 0.060972 0.060926 0.060843 0.060723 0.060566 0.060372 0.060142 0.059876 0.059573 0.059234 0.058859 0.058449 0.058003 0.057521 0.057005 0.056455 0.055870 0.055251 0.054599 0.053914 0.053196 0.052445 0.051663 0.050850 0.050006 0.049131 0.048226 0.047293 0.046330 0.045340 0.044321 0.043276 0.042205 0.041108 0.039986 0.038840 0.037670 0.036477 0.035262 0.034025 0.032768 0.031491 0.030194 0.028880 0.027547 0.026198 0.024833 0.023452 0.022057 0.020649 0.019228 0.017795 0.016352 0.014898 0.013435 0.011963 0.010485 0.008999 0.007508 0.006013 0.004513 0.003011 0.001506 0.000000 -0.001506 -0.003011 -0.004514 -0.006016 -0.007513 -0.009007 -0.010495 -0.011977 -0.013452 -0.014920 -0.016378 -0.017827 -0.019265 -0.020692 -0.022107 -0.023509 -0.024897 -0.026270 -0.027627 -0.028968 -0.030292 -0.031597 -0.032884 -0.034152 -0.035399 -0.036625 -0.037829 -0.039010 -0.040168 -0.041303 -0.042412 -0.043496 -0.044555 -0.045586 -0.046591 -0.047568 -0.048516 -0.049435 -0.050325 -0.051184 -0.052013 -0.052811 -0.053577 -0.054312 -0.055013 -0.055682 -0.056318 -0.056919 -0.057487 -0.058021 -0.058519 -0.058983 -0.059411 -0.059804 -0.060161 -0.060482 -0.060766 -0.061015 -0.061227 -0.061402 -0.061540 -0.061642 -0.061706 -0.061734 -0.061725 -0.061679 -0.061596 -0.061476 -0.061319 -0.061125 -0.060895 -0.060629 -0.060326 -0.059987 -0.059612 -0.059202 -0.058756 -0.058274 -0.057758 -0.057208 -0.056623 -0.056004 -0.055352 -0.054667 -0.053949 -0.053198 -0.052416 -0.051603 -0.050759 -0.049884 -0.048979 -0.048046 -0.047083 -0.046093 -0.045074 -0.044029 -0.042958 -0.041861 -0.040739 -0.039593 -0.038423 -0.037230 -0.036015 -0.034778 -0.033521 -0.032244 -0.030947 -0.029633 -0.028300 -0.026951 -0.025586 -0.024205 -0.022810 -0.021402 -0.019981 -0.018548 -0.017105 -0.015651 -0.014188 -0.012716 -0.011238 -0.009752 -0.008261 -0.006766 -0.005266 -0.003764 -0.002259 -0.000753 0.000753 0.002258 0.003761 0.005263 0.006760 0.008254 0.009742 0.011224 0.012699 0.014167 0.015625 0.017074 0.018513 0.019940 0.021354 0.022756 0.024144 0.025517 0.026874 0.028215 0.029539 0.030844 0.032131 0.033399 0.034646 0.035872 0.037076 0.038257 0.039415 0.040550 0.041659 0.042743 0.043802 0.044834 0.045838 0.046815 0.047763 0.048682 0.049572 0.050431 0.051260 0.052058 0.052824 0.053559 0.054260 0.054929 0.055565 0.056166 0.056734 0.057268 0.057766 0.058230 0.058658 0.059051 0.059408 0.059729 0.060013 0.060262 0.060474 0.060649 0.060787 0.060889 0.060953 0.060981 0.060972 0.060926 0.060843 0.060723 0.060566 0.060372 0.060142 0.059876 0.059573 0.059234 0.058859 0.058449 0.058003 0.057521 0.057005 0.056455 0.055870 0.055251 0.054599 0.053914 0.053196 0.052445 0.051663 0.050850 0.050006 0.049131 0.048226 0.047293 0.046330 0.045340 0.044321 0.043276 0.042205 0.041108 0.039986 0.038840 0.037670 0.036477 0.035262 0.034025 0.032768 0.031491 0.030194 0.028880 0.027547 0.026198 0.024833 0.023452 0.022057 0.020649 0.019228 0.017795 0.016352 0.014898 0.013435 0.011963 0.010485 0.008999 0.007508 0.006013 0.004513 0.003011 0.001506 0.000000 -0.001506 -0.003011 -0.004514 -0.006016 -0.007513 -0.009007 -0.010495 -0.011977 -0.013452 -0.014920 -0.016378 -0.017827 -0.019265 -0.020692 -0.022107 -0.023509 -0.024897 -0.026270 -0.027627 -0.028968 -0.030292 -0.031597 -0.032884 -0.034152 -0.035399 -0.036625 -0.037829 -0.039010 -0.040168 -0.041303 -0.042412 -0.043496 -0.044555 -0.045586 -0.046591 -0.047568 -0.048516 -0.049435 -0.050325 -0.051184 -0.052013 -0.052811 -0.053577 -0.054312 -0.055013 -0.055682 -0.056318 -0.056919 -0.057487 -0.058021 -0.058519 -0.058983 -0.059411 -0.059804 -0.060161 -0.060482 -0.060766 -0.061015 -0.061227 -0.061402 -0.061540 -0.061642 -0.061706 -0.061734 -0.061725 -0.061679 -0.061596 -0.061476 -0.061319 -0.061125 -0.060895 -0.060629 -0.060326 -0.059987 -0.059612 -0.059202 -0.058756 -0.058274 -0.057758 -0.057208 -0.056623 -0.056004 -0.055352 -0.054667 -0.053949 -0.053198 -0.052416 -0.051603 -0.050759 -0.049884 -0.048979 -0.048046 -0.047083 -0.046093 -0.045074 -0.044029 -0.042958 -0.041861 -0.040739 -0.039593 -0.038423 -0.037230 -0.036015 -0.034778 -0.033521 -0.032244 -0.030947 -0.029633 -0.028300 -0.026951 -0.025586 -0.024205 -0.022810 -0.021402 -0.019981 -0.018548 -0.017105 -0.015651 -0.014188 -0.012716 -0.011238 -0.009752 -0.008261 -0.006766 -0.005266 -0.003764 -0.002259 -0.000753 

 cycle number 3999 total computer time 128.084889, time per cycle 0.032029
 time (usec/step) 21711.549887 and mflops 784.806248
 time (usec/step) 10317.633158 and mbps 4.773188
end file output complete
