number of points in the x direction 96
number of points in the y direction 96
init file output complete
run complete...
model time (sec) = 360000
 gpu cycle number 3999 model time in hours 100.000000


 gpu diagonal elements of p (4000 steps)
50000.211831 50000.206624 50000.197885 50000.185761 50000.170459 50000.152240 50000.131415 50000.108339 50000.083406 50000.057042 50000.029698 50000.001841 49999.973947 49999.946494 49999.919952 49999.894776 49999.871397 49999.850216 49999.831597 49999.815859 49999.803272 49999.794053 49999.788359 49999.786289 49999.787878 49999.793099 49999.801862 49999.814017 49999.829355 49999.847612 49999.868475 49999.891587 49999.916550 49999.942938 49999.970297 49999.998160 50000.026049 50000.053487 50000.080006 50000.105152 50000.128496 50000.149638 50000.168219 50000.183922 50000.196478 50000.205673 50000.211352 50000.213417 50000.211833 50000.206626 50000.197886 50000.185761 50000.170460 50000.152240 50000.131415 50000.108339 50000.083407 50000.057043 50000.029698 50000.001841 49999.973947 49999.946494 49999.919952 49999.894775 49999.871396 49999.850216 49999.831596 49999.815858 49999.803271 49999.794052 49999.788358 49999.786289 49999.787878 49999.793099 49999.801862 49999.814017 49999.829355 49999.847612 49999.868476 49999.891587 49999.916551 49999.942938 49999.970297 49999.998160 50000.026049 50000.053487 50000.080005 50000.105151 50000.128495 50000.149638 50000.168219 50000.183921 50000.196477 50000.205672 50000.211351 50000.213415 
 gpu diagonal elements of u (4000 steps)
-0.021303 -0.063530 -0.104488 -0.143474 -0.179822 -0.212911 -0.242173 -0.267108 -0.287290 -0.302373 -0.312100 -0.316303 -0.314910 -0.307947 -0.295531 -0.277876 -0.255282 -0.228138 -0.196907 -0.162123 -0.124383 -0.084331 -0.042653 -0.000062 0.042713 0.084941 0.125898 0.164885 0.201233 0.234322 0.263584 0.288519 0.308701 0.323784 0.333511 0.337714 0.336322 0.329358 0.316942 0.299286 0.276693 0.249549 0.218318 0.183534 0.145794 0.105742 0.064064 0.021473 -0.021303 -0.063530 -0.104488 -0.143474 -0.179822 -0.212911 -0.242173 -0.267108 -0.287290 -0.302373 -0.312100 -0.316303 -0.314910 -0.307947 -0.295531 -0.277876 -0.255282 -0.228138 -0.196907 -0.162123 -0.124383 -0.084331 -0.042653 -0.000062 0.042713 0.084941 0.125898 0.164885 0.201233 0.234322 0.263584 0.288519 0.308701 0.323784 0.333511 0.337714 0.336321 0.329358 0.316942 0.299286 0.276693 0.249549 0.218317 0.183534 0.145794 0.105742 0.064064 0.021473 
 gpu diagonal elements of v (4000 step)
0.021427 0.063653 0.104607 0.143588 0.179929 0.213008 0.242259 0.267182 0.287350 0.302419 0.312129 0.316317 0.314908 0.307928 0.295497 0.277826 0.255218 0.228060 0.196817 0.162023 0.124274 0.084215 0.042532 -0.000062 -0.042838 -0.085064 -0.126018 -0.164999 -0.201340 -0.234419 -0.263671 -0.288594 -0.308762 -0.323830 -0.333541 -0.337728 -0.336319 -0.329339 -0.316907 -0.299236 -0.276628 -0.249470 -0.218227 -0.183433 -0.145684 -0.105625 -0.063942 -0.021349 0.021427 0.063653 0.104607 0.143588 0.179929 0.213008 0.242259 0.267182 0.287350 0.302419 0.312130 0.316317 0.314908 0.307928 0.295497 0.277826 0.255218 0.228060 0.196817 0.162023 0.124274 0.084215 0.042532 -0.000062 -0.042838 -0.085064 -0.126018 -0.164999 -0.201340 -0.234419 -0.263671 -0.288594 -0.308762 -0.323830 -0.333541 -0.337728 -0.336319 -0.329339 -0.316907 -0.299236 -0.276628 -0.249470 -0.218227 -0.183433 -0.145684 -0.105625 -0.063942 -0.021349 

 cycle number 3999 total computer time 0.655315, time per cycle 0.000164
 time (usec/step) 163.266317 and mflops 3669.097292
 time (usec/step) 0.552638 and mbps 16850.085068
end file output complete
