 number of points in the x direction 64
 number of points in the y direction 64
 grid spacing in the x direction     100000.000000
 grid spacing in the y direction     100000.000000
 time step                           90.000000
 time filter parameter               0.001000
 initial diagonal elements of p
50000.481914 50000.472654 50000.445231 50000.400697 50000.340765 50000.267737 50000.184421 50000.094017 50000.000000 49999.905983 49999.815579 49999.732263 49999.659235 49999.599303 49999.554769 49999.527346 49999.518086 49999.527346 49999.554769 49999.599303 49999.659235 49999.732263 49999.815579 49999.905983 50000.000000 50000.094017 50000.184421 50000.267737 50000.340765 50000.400697 50000.445231 50000.472654 50000.481914 50000.472654 50000.445231 50000.400697 50000.340765 50000.267737 50000.184421 50000.094017 50000.000000 49999.905983 49999.815579 49999.732263 49999.659235 49999.599303 49999.554769 49999.527346 49999.518086 49999.527346 49999.554769 49999.599303 49999.659235 49999.732263 49999.815580 49999.905983 50000.000000 50000.094017 50000.184421 50000.267737 50000.340765 50000.400697 50000.445231 50000.472654 
 initial diagonal elements of u
-0.047921 -0.141228 -0.228182 -0.305442 -0.370039 -0.419490 -0.451895 -0.466009 -0.461290 -0.437917 -0.396791 -0.339491 -0.268219 -0.185715 -0.095148 0.000000 0.096074 0.189380 0.276335 0.353595 0.418192 0.467643 0.500048 0.514162 0.509442 0.486070 0.444944 0.387644 0.316372 0.233868 0.143301 0.048153 -0.047921 -0.141228 -0.228182 -0.305442 -0.370039 -0.419490 -0.451895 -0.466009 -0.461290 -0.437917 -0.396791 -0.339491 -0.268219 -0.185715 -0.095148 0.000000 0.096074 0.189381 0.276335 0.353595 0.418192 0.467643 0.500048 0.514162 0.509442 0.486070 0.444944 0.387644 0.316372 0.233868 0.143301 0.048153 
 initial diagonal elements of v
0.047921 0.141228 0.228182 0.305442 0.370039 0.419490 0.451895 0.466009 0.461290 0.437917 0.396791 0.339491 0.268219 0.185715 0.095148 -0.000000 -0.096074 -0.189380 -0.276335 -0.353595 -0.418192 -0.467643 -0.500048 -0.514162 -0.509442 -0.486070 -0.444944 -0.387644 -0.316372 -0.233868 -0.143301 -0.048153 0.047921 0.141228 0.228182 0.305442 0.370039 0.419490 0.451895 0.466009 0.461290 0.437917 0.396791 0.339491 0.268219 0.185715 0.095148 -0.000000 -0.096074 -0.189381 -0.276335 -0.353595 -0.418192 -0.467643 -0.500048 -0.514162 -0.509442 -0.486070 -0.444944 -0.387644 -0.316372 -0.233868 -0.143301 -0.048153 
 cycle number 4000 model time in hours 100.000000
 diagonal elements of p
50000.477624 50000.463667 50000.431913 50000.383564 50000.320451 50000.244977 50000.160021 50000.068833 49999.974914 49999.881877 49999.793310 49999.712642 49999.642994 49999.587069 49999.547039 49999.524453 49999.520185 49999.534394 49999.566519 49999.615307 49999.678855 49999.754698 49999.839900 49999.931172 50000.025004 50000.117792 50000.205986 50000.286217 50000.355426 50000.410980 50000.450763 50000.473263 50000.477618 50000.463658 50000.431904 50000.383555 50000.320444 50000.244972 50000.160017 50000.068831 49999.974912 49999.881876 49999.793310 49999.712640 49999.642993 49999.587069 49999.547037 49999.524452 49999.520183 49999.534393 49999.566518 49999.615305 49999.678854 49999.754697 49999.839899 49999.931172 50000.025004 50000.117792 50000.205986 50000.286216 50000.355425 50000.410979 50000.450763 50000.473265 
 diagonal elements of u
-0.047890 -0.141347 -0.228316 -0.305563 -0.370140 -0.419567 -0.451946 -0.466032 -0.461284 -0.437884 -0.396731 -0.339407 -0.268114 -0.185593 -0.095014 0.000141 0.096217 0.189520 0.276465 0.353711 0.418290 0.467718 0.500098 0.514185 0.509437 0.486037 0.444884 0.387559 0.316266 0.233745 0.143166 0.048011 -0.048065 -0.141367 -0.228312 -0.305558 -0.370136 -0.419565 -0.451945 -0.466031 -0.461284 -0.437884 -0.396731 -0.339407 -0.268115 -0.185593 -0.095014 0.000141 0.096217 0.189520 0.276465 0.353711 0.418290 0.467719 0.500098 0.514185 0.509436 0.486036 0.444882 0.387556 0.316262 0.233739 0.143157 0.047999 
 diagonal elements of v
0.047777 0.141092 0.228058 0.305331 0.369946 0.419418 0.451847 0.465987 0.461295 0.437950 0.396851 0.339575 0.268324 0.185837 0.095282 0.000141 -0.095931 -0.189241 -0.276204 -0.353478 -0.418094 -0.467567 -0.499997 -0.514137 -0.509445 -0.486100 -0.445000 -0.387724 -0.316473 -0.233986 -0.143432 -0.048292 0.047779 0.141089 0.228052 0.305325 0.369940 0.419413 0.451843 0.465984 0.461293 0.437948 0.396849 0.339574 0.268323 0.185836 0.095282 0.000141 -0.095931 -0.189241 -0.276204 -0.353478 -0.418093 -0.467566 -0.499995 -0.514136 -0.509443 -0.486098 -0.444997 -0.387721 -0.316470 -0.233983 -0.143430 -0.048292 
 cycle number 4000 total computer time 0.289242 time per cycle 0.000072
 time and megaflops for loop 100 0.113612 3461.042848
 time and megaflops for loop 200 0.113397 3756.572043
 time and megaflops for loop 300 0.058876 4174.196617
