Kokkos execution space: N6Kokkos4CudaE
number of points in the x direction 1024
number of points in the y direction 1024
init file output complete
run complete...
model time (sec) = 360000
 gpu cycle number 3999 model time in hours 100.000000


 gpu diagonal elements of p (4000 steps)
50000.001882 50000.001881 50000.001880 50000.001879 50000.001878 50000.001876 50000.001874 50000.001871 50000.001869 50000.001866 50000.001863 50000.001859 50000.001855 50000.001851 50000.001847 50000.001842 50000.001837 50000.001832 50000.001827 50000.001821 50000.001815 50000.001809 50000.001802 50000.001795 50000.001788 50000.001781 50000.001773 50000.001765 50000.001757 50000.001749 50000.001740 50000.001731 50000.001722 50000.001713 50000.001703 50000.001693 50000.001683 50000.001672 50000.001661 50000.001650 50000.001639 50000.001628 50000.001616 50000.001604 50000.001592 50000.001579 50000.001567 50000.001554 50000.001541 50000.001527 50000.001514 50000.001500 50000.001486 50000.001471 50000.001457 50000.001442 50000.001427 50000.001412 50000.001397 50000.001381 50000.001365 50000.001349 50000.001333 50000.001316 50000.001300 50000.001283 50000.001266 50000.001249 50000.001231 50000.001214 50000.001196 50000.001178 50000.001160 50000.001142 50000.001123 50000.001105 50000.001086 50000.001067 50000.001048 50000.001029 50000.001009 50000.000990 50000.000970 50000.000950 50000.000930 50000.000910 50000.000890 50000.000869 50000.000849 50000.000828 50000.000807 50000.000786 50000.000765 50000.000744 50000.000723 50000.000701 50000.000680 50000.000658 50000.000636 50000.000615 50000.000593 50000.000571 50000.000549 50000.000527 50000.000504 50000.000482 50000.000460 50000.000437 50000.000415 50000.000392 50000.000370 50000.000347 50000.000324 50000.000301 50000.000279 50000.000256 50000.000233 50000.000210 50000.000187 50000.000164 50000.000141 50000.000118 50000.000095 50000.000072 50000.000049 50000.000025 50000.000002 49999.999979 49999.999956 49999.999933 49999.999910 49999.999887 49999.999864 49999.999841 49999.999818 49999.999795 49999.999772 49999.999749 49999.999726 49999.999703 49999.999680 49999.999658 49999.999635 49999.999612 49999.999590 49999.999567 49999.999545 49999.999522 49999.999500 49999.999478 49999.999456 49999.999434 49999.999412 49999.999390 49999.999368 49999.999346 49999.999325 49999.999303 49999.999282 49999.999260 49999.999239 49999.999218 49999.999197 49999.999176 49999.999156 49999.999135 49999.999115 49999.999094 49999.999074 49999.999054 49999.999034 49999.999014 49999.998995 49999.998975 49999.998956 49999.998937 49999.998918 49999.998899 49999.998880 49999.998862 49999.998844 49999.998825 49999.998807 49999.998790 49999.998772 49999.998755 49999.998737 49999.998720 49999.998704 49999.998687 49999.998670 49999.998654 49999.998638 49999.998622 49999.998607 49999.998591 49999.998576 49999.998561 49999.998546 49999.998532 49999.998517 49999.998503 49999.998489 49999.998476 49999.998462 49999.998449 49999.998436 49999.998423 49999.998411 49999.998398 49999.998386 49999.998375 49999.998363 49999.998352 49999.998341 49999.998330 49999.998319 49999.998309 49999.998299 49999.998289 49999.998280 49999.998271 49999.998262 49999.998253 49999.998244 49999.998236 49999.998228 49999.998221 49999.998213 49999.998206 49999.998199 49999.998193 49999.998186 49999.998180 49999.998174 49999.998169 49999.998164 49999.998159 49999.998154 49999.998150 49999.998145 49999.998142 49999.998138 49999.998135 49999.998132 49999.998129 49999.998127 49999.998124 49999.998123 49999.998121 49999.998120 49999.998119 49999.998118 49999.998118 49999.998117 49999.998117 49999.998118 49999.998119 49999.998120 49999.998121 49999.998122 49999.998124 49999.998126 49999.998129 49999.998131 49999.998134 49999.998137 49999.998141 49999.998145 49999.998149 49999.998153 49999.998158 49999.998163 49999.998168 49999.998173 49999.998179 49999.998185 49999.998191 49999.998198 49999.998205 49999.998212 49999.998219 49999.998227 49999.998235 49999.998243 49999.998251 49999.998260 49999.998269 49999.998278 49999.998287 49999.998297 49999.998307 49999.998317 49999.998328 49999.998339 49999.998350 49999.998361 49999.998372 49999.998384 49999.998396 49999.998408 49999.998421 49999.998433 49999.998446 49999.998459 49999.998473 49999.998486 49999.998500 49999.998514 49999.998529 49999.998543 49999.998558 49999.998573 49999.998588 49999.998603 49999.998619 49999.998635 49999.998651 49999.998667 49999.998684 49999.998700 49999.998717 49999.998734 49999.998751 49999.998769 49999.998786 49999.998804 49999.998822 49999.998840 49999.998858 49999.998877 49999.998895 49999.998914 49999.998933 49999.998952 49999.998971 49999.998991 49999.999010 49999.999030 49999.999050 49999.999070 49999.999090 49999.999110 49999.999131 49999.999151 49999.999172 49999.999193 49999.999214 49999.999235 49999.999256 49999.999277 49999.999299 49999.999320 49999.999342 49999.999364 49999.999385 49999.999407 49999.999429 49999.999451 49999.999473 49999.999496 49999.999518 49999.999540 49999.999563 49999.999585 49999.999608 49999.999630 49999.999653 49999.999676 49999.999699 49999.999721 49999.999744 49999.999767 49999.999790 49999.999813 49999.999836 49999.999859 49999.999882 49999.999905 49999.999928 49999.999951 49999.999975 49999.999998 50000.000021 50000.000044 50000.000067 50000.000090 50000.000113 50000.000136 50000.000159 50000.000182 50000.000205 50000.000228 50000.000251 50000.000274 50000.000297 50000.000320 50000.000342 50000.000365 50000.000388 50000.000410 50000.000433 50000.000455 50000.000478 50000.000500 50000.000522 50000.000544 50000.000566 50000.000588 50000.000610 50000.000632 50000.000654 50000.000675 50000.000697 50000.000718 50000.000740 50000.000761 50000.000782 50000.000803 50000.000824 50000.000844 50000.000865 50000.000885 50000.000906 50000.000926 50000.000946 50000.000966 50000.000986 50000.001005 50000.001025 50000.001044 50000.001063 50000.001082 50000.001101 50000.001120 50000.001138 50000.001156 50000.001175 50000.001193 50000.001210 50000.001228 50000.001245 50000.001263 50000.001280 50000.001296 50000.001313 50000.001330 50000.001346 50000.001362 50000.001378 50000.001393 50000.001409 50000.001424 50000.001439 50000.001454 50000.001468 50000.001483 50000.001497 50000.001511 50000.001524 50000.001538 50000.001551 50000.001564 50000.001577 50000.001589 50000.001602 50000.001614 50000.001625 50000.001637 50000.001648 50000.001659 50000.001670 50000.001681 50000.001691 50000.001701 50000.001711 50000.001720 50000.001729 50000.001738 50000.001747 50000.001756 50000.001764 50000.001772 50000.001779 50000.001787 50000.001794 50000.001801 50000.001807 50000.001814 50000.001820 50000.001826 50000.001831 50000.001836 50000.001841 50000.001846 50000.001850 50000.001855 50000.001858 50000.001862 50000.001865 50000.001868 50000.001871 50000.001873 50000.001875 50000.001877 50000.001879 50000.001880 50000.001881 50000.001882 50000.001882 50000.001883 50000.001883 50000.001882 50000.001881 50000.001880 50000.001879 50000.001878 50000.001876 50000.001874 50000.001871 50000.001869 50000.001866 50000.001863 50000.001859 50000.001855 50000.001851 50000.001847 50000.001842 50000.001837 50000.001832 50000.001827 50000.001821 50000.001815 50000.001809 50000.001802 50000.001795 50000.001788 50000.001781 50000.001773 50000.001765 50000.001757 50000.001749 50000.001740 50000.001731 50000.001722 50000.001713 50000.001703 50000.001693 50000.001683 50000.001672 50000.001661 50000.001650 50000.001639 50000.001628 50000.001616 50000.001604 50000.001592 50000.001579 50000.001567 50000.001554 50000.001541 50000.001527 50000.001514 50000.001500 50000.001486 50000.001471 50000.001457 50000.001442 50000.001427 50000.001412 50000.001397 50000.001381 50000.001365 50000.001349 50000.001333 50000.001316 50000.001300 50000.001283 50000.001266 50000.001249 50000.001231 50000.001214 50000.001196 50000.001178 50000.001160 50000.001142 50000.001123 50000.001105 50000.001086 50000.001067 50000.001048 50000.001029 50000.001009 50000.000990 50000.000970 50000.000950 50000.000930 50000.000910 50000.000890 50000.000869 50000.000849 50000.000828 50000.000807 50000.000786 50000.000765 50000.000744 50000.000723 50000.000701 50000.000680 50000.000658 50000.000636 50000.000615 50000.000593 50000.000571 50000.000549 50000.000527 50000.000504 50000.000482 50000.000460 50000.000437 50000.000415 50000.000392 50000.000370 50000.000347 50000.000324 50000.000301 50000.000279 50000.000256 50000.000233 50000.000210 50000.000187 50000.000164 50000.000141 50000.000118 50000.000095 50000.000072 50000.000049 50000.000025 50000.000002 49999.999979 49999.999956 49999.999933 49999.999910 49999.999887 49999.999864 49999.999841 49999.999818 49999.999795 49999.999772 49999.999749 49999.999726 49999.999703 49999.999680 49999.999658 49999.999635 49999.999612 49999.999590 49999.999567 49999.999545 49999.999522 49999.999500 49999.999478 49999.999456 49999.999434 49999.999412 49999.999390 49999.999368 49999.999346 49999.999325 49999.999303 49999.999282 49999.999260 49999.999239 49999.999218 49999.999197 49999.999176 49999.999156 49999.999135 49999.999115 49999.999094 49999.999074 49999.999054 49999.999034 49999.999014 49999.998995 49999.998975 49999.998956 49999.998937 49999.998918 49999.998899 49999.998880 49999.998862 49999.998844 49999.998825 49999.998807 49999.998790 49999.998772 49999.998755 49999.998737 49999.998720 49999.998704 49999.998687 49999.998670 49999.998654 49999.998638 49999.998622 49999.998607 49999.998591 49999.998576 49999.998561 49999.998546 49999.998532 49999.998517 49999.998503 49999.998489 49999.998476 49999.998462 49999.998449 49999.998436 49999.998423 49999.998411 49999.998398 49999.998386 49999.998375 49999.998363 49999.998352 49999.998341 49999.998330 49999.998319 49999.998309 49999.998299 49999.998289 49999.998280 49999.998271 49999.998262 49999.998253 49999.998244 49999.998236 49999.998228 49999.998221 49999.998213 49999.998206 49999.998199 49999.998193 49999.998186 49999.998180 49999.998174 49999.998169 49999.998164 49999.998159 49999.998154 49999.998150 49999.998145 49999.998142 49999.998138 49999.998135 49999.998132 49999.998129 49999.998127 49999.998124 49999.998123 49999.998121 49999.998120 49999.998119 49999.998118 49999.998118 49999.998117 49999.998117 49999.998118 49999.998119 49999.998120 49999.998121 49999.998122 49999.998124 49999.998126 49999.998129 49999.998131 49999.998134 49999.998137 49999.998141 49999.998145 49999.998149 49999.998153 49999.998158 49999.998163 49999.998168 49999.998173 49999.998179 49999.998185 49999.998191 49999.998198 49999.998205 49999.998212 49999.998219 49999.998227 49999.998235 49999.998243 49999.998251 49999.998260 49999.998269 49999.998278 49999.998287 49999.998297 49999.998307 49999.998317 49999.998328 49999.998339 49999.998350 49999.998361 49999.998372 49999.998384 49999.998396 49999.998408 49999.998421 49999.998433 49999.998446 49999.998459 49999.998473 49999.998486 49999.998500 49999.998514 49999.998529 49999.998543 49999.998558 49999.998573 49999.998588 49999.998603 49999.998619 49999.998635 49999.998651 49999.998667 49999.998684 49999.998700 49999.998717 49999.998734 49999.998751 49999.998769 49999.998786 49999.998804 49999.998822 49999.998840 49999.998858 49999.998877 49999.998895 49999.998914 49999.998933 49999.998952 49999.998971 49999.998991 49999.999010 49999.999030 49999.999050 49999.999070 49999.999090 49999.999110 49999.999131 49999.999151 49999.999172 49999.999193 49999.999214 49999.999235 49999.999256 49999.999277 49999.999299 49999.999320 49999.999342 49999.999364 49999.999385 49999.999407 49999.999429 49999.999451 49999.999473 49999.999496 49999.999518 49999.999540 49999.999563 49999.999585 49999.999608 49999.999630 49999.999653 49999.999676 49999.999699 49999.999721 49999.999744 49999.999767 49999.999790 49999.999813 49999.999836 49999.999859 49999.999882 49999.999905 49999.999928 49999.999951 49999.999975 49999.999998 50000.000021 50000.000044 50000.000067 50000.000090 50000.000113 50000.000136 50000.000159 50000.000182 50000.000205 50000.000228 50000.000251 50000.000274 50000.000297 50000.000320 50000.000342 50000.000365 50000.000388 50000.000410 50000.000433 50000.000455 50000.000478 50000.000500 50000.000522 50000.000544 50000.000566 50000.000588 50000.000610 50000.000632 50000.000654 50000.000675 50000.000697 50000.000718 50000.000740 50000.000761 50000.000782 50000.000803 50000.000824 50000.000844 50000.000865 50000.000885 50000.000906 50000.000926 50000.000946 50000.000966 50000.000986 50000.001005 50000.001025 50000.001044 50000.001063 50000.001082 50000.001101 50000.001120 50000.001138 50000.001156 50000.001175 50000.001193 50000.001210 50000.001228 50000.001245 50000.001263 50000.001280 50000.001296 50000.001313 50000.001330 50000.001346 50000.001362 50000.001378 50000.001393 50000.001409 50000.001424 50000.001439 50000.001454 50000.001468 50000.001483 50000.001497 50000.001511 50000.001524 50000.001538 50000.001551 50000.001564 50000.001577 50000.001589 50000.001602 50000.001614 50000.001625 50000.001637 50000.001648 50000.001659 50000.001670 50000.001681 50000.001691 50000.001701 50000.001711 50000.001720 50000.001729 50000.001738 50000.001747 50000.001756 50000.001764 50000.001772 50000.001779 50000.001787 50000.001794 50000.001801 50000.001807 50000.001814 50000.001820 50000.001826 50000.001831 50000.001836 50000.001841 50000.001846 50000.001850 50000.001855 50000.001858 50000.001862 50000.001865 50000.001868 50000.001871 50000.001873 50000.001875 50000.001877 50000.001879 50000.001880 50000.001881 50000.001882 50000.001882 50000.001883 50000.001883 
 gpu diagonal elements of u (4000 steps)
-0.000188 -0.000565 -0.000941 -0.001317 -0.001693 -0.002069 -0.002444 -0.002819 -0.003194 -0.003568 -0.003941 -0.004314 -0.004687 -0.005058 -0.005429 -0.005799 -0.006168 -0.006536 -0.006903 -0.007269 -0.007634 -0.007998 -0.008360 -0.008722 -0.009081 -0.009440 -0.009797 -0.010153 -0.010507 -0.010859 -0.011210 -0.011559 -0.011907 -0.012252 -0.012596 -0.012938 -0.013278 -0.013616 -0.013951 -0.014285 -0.014617 -0.014946 -0.015273 -0.015598 -0.015920 -0.016240 -0.016557 -0.016872 -0.017185 -0.017494 -0.017802 -0.018106 -0.018408 -0.018707 -0.019003 -0.019296 -0.019586 -0.019874 -0.020158 -0.020439 -0.020717 -0.020992 -0.021264 -0.021533 -0.021798 -0.022060 -0.022319 -0.022575 -0.022827 -0.023075 -0.023320 -0.023562 -0.023800 -0.024034 -0.024265 -0.024492 -0.024715 -0.024935 -0.025151 -0.025363 -0.025571 -0.025775 -0.025976 -0.026172 -0.026365 -0.026553 -0.026738 -0.026918 -0.027095 -0.027267 -0.027435 -0.027599 -0.027759 -0.027915 -0.028067 -0.028214 -0.028357 -0.028496 -0.028630 -0.028760 -0.028886 -0.029007 -0.029124 -0.029237 -0.029345 -0.029449 -0.029548 -0.029643 -0.029733 -0.029819 -0.029901 -0.029977 -0.030050 -0.030118 -0.030181 -0.030239 -0.030294 -0.030343 -0.030388 -0.030428 -0.030464 -0.030495 -0.030522 -0.030544 -0.030561 -0.030574 -0.030582 -0.030585 -0.030584 -0.030578 -0.030568 -0.030553 -0.030533 -0.030509 -0.030480 -0.030447 -0.030409 -0.030366 -0.030319 -0.030267 -0.030211 -0.030150 -0.030084 -0.030014 -0.029940 -0.029860 -0.029777 -0.029689 -0.029596 -0.029499 -0.029398 -0.029292 -0.029181 -0.029066 -0.028947 -0.028824 -0.028696 -0.028563 -0.028427 -0.028286 -0.028141 -0.027991 -0.027838 -0.027680 -0.027518 -0.027352 -0.027182 -0.027007 -0.026829 -0.026646 -0.026459 -0.026269 -0.026074 -0.025876 -0.025673 -0.025467 -0.025257 -0.025043 -0.024825 -0.024604 -0.024379 -0.024150 -0.023917 -0.023681 -0.023441 -0.023198 -0.022951 -0.022701 -0.022447 -0.022190 -0.021930 -0.021666 -0.021399 -0.021129 -0.020855 -0.020579 -0.020299 -0.020016 -0.019730 -0.019441 -0.019150 -0.018855 -0.018558 -0.018257 -0.017954 -0.017648 -0.017340 -0.017029 -0.016715 -0.016399 -0.016080 -0.015759 -0.015435 -0.015110 -0.014781 -0.014451 -0.014119 -0.013784 -0.013447 -0.013108 -0.012767 -0.012425 -0.012080 -0.011733 -0.011385 -0.011035 -0.010683 -0.010330 -0.009975 -0.009619 -0.009261 -0.008902 -0.008541 -0.008179 -0.007816 -0.007452 -0.007086 -0.006720 -0.006352 -0.005983 -0.005614 -0.005244 -0.004872 -0.004501 -0.004128 -0.003755 -0.003381 -0.003007 -0.002632 -0.002257 -0.001881 -0.001505 -0.001129 -0.000753 -0.000376 -0.000000 0.000376 0.000753 0.001129 0.001505 0.001881 0.002257 0.002633 0.003008 0.003382 0.003756 0.004130 0.004503 0.004875 0.005246 0.005617 0.005987 0.006356 0.006724 0.007091 0.007457 0.007822 0.008186 0.008549 0.008910 0.009270 0.009628 0.009985 0.010341 0.010695 0.011048 0.011399 0.011748 0.012095 0.012441 0.012784 0.013126 0.013466 0.013804 0.014140 0.014473 0.014805 0.015134 0.015461 0.015786 0.016108 0.016428 0.016745 0.017060 0.017373 0.017683 0.017990 0.018294 0.018596 0.018895 0.019191 0.019484 0.019774 0.020062 0.020346 0.020627 0.020906 0.021181 0.021453 0.021721 0.021987 0.022249 0.022507 0.022763 0.023015 0.023263 0.023508 0.023750 0.023988 0.024222 0.024453 0.024680 0.024903 0.025123 0.025339 0.025551 0.025759 0.025963 0.026164 0.026360 0.026553 0.026741 0.026926 0.027107 0.027283 0.027455 0.027624 0.027788 0.027948 0.028103 0.028255 0.028402 0.028545 0.028684 0.028818 0.028948 0.029074 0.029196 0.029313 0.029425 0.029533 0.029637 0.029736 0.029831 0.029922 0.030007 0.030089 0.030166 0.030238 0.030306 0.030369 0.030428 0.030482 0.030531 0.030576 0.030617 0.030652 0.030683 0.030710 0.030732 0.030749 0.030762 0.030770 0.030774 0.030772 0.030767 0.030756 0.030741 0.030722 0.030697 0.030668 0.030635 0.030597 0.030554 0.030507 0.030455 0.030399 0.030338 0.030272 0.030202 0.030128 0.030049 0.029965 0.029877 0.029784 0.029687 0.029586 0.029480 0.029369 0.029255 0.029135 0.029012 0.028884 0.028752 0.028615 0.028474 0.028329 0.028180 0.028026 0.027868 0.027706 0.027540 0.027370 0.027195 0.027017 0.026834 0.026648 0.026457 0.026263 0.026064 0.025862 0.025655 0.025445 0.025231 0.025014 0.024792 0.024567 0.024338 0.024106 0.023869 0.023630 0.023386 0.023140 0.022889 0.022636 0.022379 0.022118 0.021854 0.021587 0.021317 0.021044 0.020767 0.020487 0.020204 0.019919 0.019630 0.019338 0.019043 0.018746 0.018445 0.018142 0.017837 0.017528 0.017217 0.016903 0.016587 0.016268 0.015947 0.015624 0.015298 0.014970 0.014639 0.014307 0.013972 0.013635 0.013296 0.012956 0.012613 0.012268 0.011922 0.011573 0.011223 0.010872 0.010518 0.010163 0.009807 0.009449 0.009090 0.008729 0.008367 0.008004 0.007640 0.007274 0.006908 0.006540 0.006172 0.005802 0.005432 0.005061 0.004689 0.004316 0.003943 0.003569 0.003195 0.002820 0.002445 0.002069 0.001694 0.001317 0.000941 0.000565 0.000188 -0.000188 -0.000565 -0.000941 -0.001317 -0.001693 -0.002069 -0.002444 -0.002819 -0.003194 -0.003568 -0.003941 -0.004314 -0.004687 -0.005058 -0.005429 -0.005799 -0.006168 -0.006536 -0.006903 -0.007269 -0.007634 -0.007998 -0.008360 -0.008722 -0.009082 -0.009440 -0.009797 -0.010153 -0.010507 -0.010859 -0.011210 -0.011559 -0.011907 -0.012252 -0.012596 -0.012938 -0.013278 -0.013616 -0.013951 -0.014285 -0.014617 -0.014946 -0.015273 -0.015598 -0.015920 -0.016240 -0.016557 -0.016872 -0.017185 -0.017494 -0.017802 -0.018106 -0.018408 -0.018707 -0.019003 -0.019296 -0.019586 -0.019874 -0.020158 -0.020439 -0.020717 -0.020992 -0.021264 -0.021533 -0.021798 -0.022060 -0.022319 -0.022575 -0.022827 -0.023075 -0.023320 -0.023562 -0.023800 -0.024034 -0.024265 -0.024492 -0.024715 -0.024935 -0.025151 -0.025363 -0.025571 -0.025775 -0.025976 -0.026172 -0.026365 -0.026553 -0.026738 -0.026918 -0.027095 -0.027267 -0.027435 -0.027599 -0.027759 -0.027915 -0.028067 -0.028214 -0.028357 -0.028496 -0.028630 -0.028760 -0.028886 -0.029007 -0.029124 -0.029237 -0.029345 -0.029449 -0.029548 -0.029643 -0.029733 -0.029819 -0.029901 -0.029977 -0.030050 -0.030118 -0.030181 -0.030239 -0.030294 -0.030343 -0.030388 -0.030428 -0.030464 -0.030495 -0.030522 -0.030544 -0.030561 -0.030574 -0.030582 -0.030585 -0.030584 -0.030578 -0.030568 -0.030553 -0.030533 -0.030509 -0.030480 -0.030447 -0.030409 -0.030366 -0.030319 -0.030267 -0.030211 -0.030150 -0.030084 -0.030014 -0.029940 -0.029860 -0.029777 -0.029689 -0.029596 -0.029499 -0.029398 -0.029292 -0.029181 -0.029066 -0.028947 -0.028824 -0.028696 -0.028563 -0.028427 -0.028286 -0.028141 -0.027991 -0.027838 -0.027680 -0.027518 -0.027352 -0.027182 -0.027007 -0.026829 -0.026646 -0.026459 -0.026269 -0.026074 -0.025876 -0.025673 -0.025467 -0.025257 -0.025043 -0.024825 -0.024604 -0.024379 -0.024150 -0.023917 -0.023681 -0.023441 -0.023198 -0.022951 -0.022701 -0.022447 -0.022190 -0.021930 -0.021666 -0.021399 -0.021129 -0.020855 -0.020579 -0.020299 -0.020016 -0.019730 -0.019441 -0.019150 -0.018855 -0.018558 -0.018257 -0.017954 -0.017648 -0.017340 -0.017029 -0.016715 -0.016399 -0.016080 -0.015759 -0.015435 -0.015110 -0.014781 -0.014451 -0.014119 -0.013784 -0.013447 -0.013108 -0.012767 -0.012425 -0.012080 -0.011733 -0.011385 -0.011035 -0.010683 -0.010330 -0.009975 -0.009619 -0.009261 -0.008902 -0.008541 -0.008179 -0.007816 -0.007452 -0.007086 -0.006720 -0.006352 -0.005983 -0.005614 -0.005244 -0.004872 -0.004501 -0.004128 -0.003755 -0.003381 -0.003007 -0.002632 -0.002257 -0.001881 -0.001505 -0.001129 -0.000753 -0.000376 -0.000000 0.000376 0.000753 0.001129 0.001505 0.001881 0.002257 0.002633 0.003008 0.003382 0.003756 0.004130 0.004503 0.004875 0.005246 0.005617 0.005987 0.006356 0.006724 0.007091 0.007457 0.007822 0.008186 0.008549 0.008910 0.009270 0.009628 0.009985 0.010341 0.010695 0.011048 0.011399 0.011748 0.012095 0.012441 0.012784 0.013126 0.013466 0.013804 0.014140 0.014473 0.014805 0.015134 0.015461 0.015786 0.016108 0.016428 0.016745 0.017060 0.017373 0.017683 0.017990 0.018294 0.018596 0.018895 0.019191 0.019484 0.019774 0.020062 0.020346 0.020627 0.020906 0.021181 0.021453 0.021721 0.021987 0.022249 0.022507 0.022763 0.023015 0.023263 0.023508 0.023750 0.023988 0.024222 0.024453 0.024680 0.024903 0.025123 0.025339 0.025551 0.025759 0.025963 0.026164 0.026360 0.026553 0.026741 0.026926 0.027107 0.027283 0.027455 0.027624 0.027788 0.027948 0.028103 0.028255 0.028402 0.028545 0.028684 0.028818 0.028948 0.029074 0.029196 0.029313 0.029425 0.029533 0.029637 0.029736 0.029831 0.029922 0.030007 0.030089 0.030166 0.030238 0.030306 0.030369 0.030428 0.030482 0.030531 0.030576 0.030617 0.030652 0.030683 0.030710 0.030732 0.030749 0.030762 0.030770 0.030774 0.030772 0.030767 0.030756 0.030741 0.030722 0.030697 0.030668 0.030635 0.030597 0.030554 0.030507 0.030455 0.030399 0.030338 0.030272 0.030202 0.030128 0.030049 0.029965 0.029877 0.029784 0.029687 0.029586 0.029480 0.029369 0.029255 0.029135 0.029012 0.028884 0.028752 0.028615 0.028474 0.028329 0.028180 0.028026 0.027868 0.027706 0.027540 0.027370 0.027195 0.027017 0.026834 0.026648 0.026457 0.026263 0.026064 0.025862 0.025655 0.025445 0.025231 0.025014 0.024792 0.024567 0.024338 0.024106 0.023869 0.023630 0.023386 0.023140 0.022889 0.022636 0.022379 0.022118 0.021854 0.021587 0.021317 0.021044 0.020767 0.020487 0.020204 0.019919 0.019630 0.019338 0.019043 0.018746 0.018445 0.018142 0.017837 0.017528 0.017217 0.016903 0.016587 0.016268 0.015947 0.015624 0.015298 0.014970 0.014639 0.014307 0.013972 0.013635 0.013296 0.012956 0.012613 0.012268 0.011922 0.011573 0.011223 0.010872 0.010518 0.010163 0.009807 0.009449 0.009090 0.008729 0.008367 0.008004 0.007640 0.007274 0.006908 0.006540 0.006172 0.005802 0.005432 0.005061 0.004689 0.004316 0.003943 0.003569 0.003195 0.002820 0.002445 0.002069 0.001694 0.001317 0.000941 0.000565 0.000188 
 gpu diagonal elements of v (4000 step)
0.000188 0.000565 0.000941 0.001317 0.001693 0.002069 0.002444 0.002819 0.003194 0.003568 0.003941 0.004314 0.004687 0.005058 0.005429 0.005799 0.006168 0.006536 0.006903 0.007269 0.007634 0.007998 0.008360 0.008722 0.009082 0.009440 0.009797 0.010153 0.010507 0.010859 0.011210 0.011559 0.011907 0.012252 0.012596 0.012938 0.013278 0.013616 0.013951 0.014285 0.014617 0.014946 0.015273 0.015598 0.015920 0.016240 0.016557 0.016872 0.017185 0.017494 0.017802 0.018106 0.018408 0.018707 0.019003 0.019296 0.019586 0.019874 0.020158 0.020439 0.020717 0.020992 0.021264 0.021533 0.021798 0.022060 0.022319 0.022575 0.022827 0.023075 0.023320 0.023562 0.023800 0.024034 0.024265 0.024492 0.024715 0.024935 0.025151 0.025363 0.025571 0.025775 0.025976 0.026172 0.026365 0.026553 0.026738 0.026918 0.027095 0.027267 0.027435 0.027600 0.027759 0.027915 0.028067 0.028214 0.028357 0.028496 0.028630 0.028760 0.028886 0.029007 0.029124 0.029237 0.029345 0.029449 0.029548 0.029643 0.029733 0.029819 0.029901 0.029977 0.030050 0.030118 0.030181 0.030239 0.030294 0.030343 0.030388 0.030428 0.030464 0.030495 0.030522 0.030544 0.030561 0.030574 0.030582 0.030585 0.030584 0.030578 0.030568 0.030553 0.030533 0.030509 0.030480 0.030447 0.030409 0.030366 0.030319 0.030267 0.030211 0.030150 0.030084 0.030014 0.029940 0.029860 0.029777 0.029689 0.029596 0.029499 0.029398 0.029292 0.029181 0.029066 0.028947 0.028824 0.028696 0.028563 0.028427 0.028286 0.028141 0.027991 0.027838 0.027680 0.027518 0.027352 0.027181 0.027007 0.026829 0.026646 0.026459 0.026269 0.026074 0.025876 0.025673 0.025467 0.025257 0.025043 0.024825 0.024604 0.024379 0.024150 0.023917 0.023681 0.023441 0.023198 0.022951 0.022701 0.022447 0.022190 0.021930 0.021666 0.021399 0.021129 0.020855 0.020579 0.020299 0.020016 0.019730 0.019441 0.019150 0.018855 0.018557 0.018257 0.017954 0.017648 0.017340 0.017029 0.016715 0.016399 0.016080 0.015759 0.015435 0.015110 0.014781 0.014451 0.014118 0.013784 0.013447 0.013108 0.012767 0.012424 0.012080 0.011733 0.011385 0.011035 0.010683 0.010330 0.009975 0.009619 0.009261 0.008902 0.008541 0.008179 0.007816 0.007452 0.007086 0.006720 0.006352 0.005983 0.005614 0.005244 0.004872 0.004501 0.004128 0.003755 0.003381 0.003007 0.002632 0.002257 0.001881 0.001505 0.001129 0.000753 0.000376 -0.000000 -0.000377 -0.000753 -0.001129 -0.001506 -0.001881 -0.002257 -0.002633 -0.003008 -0.003382 -0.003756 -0.004130 -0.004503 -0.004875 -0.005246 -0.005617 -0.005987 -0.006356 -0.006724 -0.007091 -0.007457 -0.007822 -0.008186 -0.008549 -0.008910 -0.009270 -0.009628 -0.009985 -0.010341 -0.010695 -0.011048 -0.011399 -0.011748 -0.012095 -0.012441 -0.012784 -0.013126 -0.013466 -0.013804 -0.014140 -0.014473 -0.014805 -0.015134 -0.015461 -0.015786 -0.016108 -0.016428 -0.016746 -0.017060 -0.017373 -0.017683 -0.017990 -0.018294 -0.018596 -0.018895 -0.019191 -0.019484 -0.019775 -0.020062 -0.020346 -0.020627 -0.020906 -0.021181 -0.021453 -0.021721 -0.021987 -0.022249 -0.022507 -0.022763 -0.023015 -0.023263 -0.023508 -0.023750 -0.023988 -0.024222 -0.024453 -0.024680 -0.024903 -0.025123 -0.025339 -0.025551 -0.025759 -0.025963 -0.026164 -0.026360 -0.026553 -0.026742 -0.026926 -0.027107 -0.027283 -0.027455 -0.027624 -0.027788 -0.027948 -0.028103 -0.028255 -0.028402 -0.028545 -0.028684 -0.028818 -0.028948 -0.029074 -0.029196 -0.029313 -0.029425 -0.029533 -0.029637 -0.029736 -0.029831 -0.029922 -0.030007 -0.030089 -0.030166 -0.030238 -0.030306 -0.030369 -0.030428 -0.030482 -0.030531 -0.030576 -0.030617 -0.030652 -0.030683 -0.030710 -0.030732 -0.030749 -0.030762 -0.030770 -0.030774 -0.030772 -0.030767 -0.030756 -0.030741 -0.030722 -0.030697 -0.030668 -0.030635 -0.030597 -0.030554 -0.030507 -0.030455 -0.030399 -0.030338 -0.030272 -0.030202 -0.030128 -0.030049 -0.029965 -0.029877 -0.029784 -0.029687 -0.029586 -0.029480 -0.029369 -0.029255 -0.029135 -0.029012 -0.028884 -0.028752 -0.028615 -0.028474 -0.028329 -0.028180 -0.028026 -0.027868 -0.027706 -0.027540 -0.027370 -0.027195 -0.027017 -0.026834 -0.026648 -0.026457 -0.026263 -0.026064 -0.025862 -0.025655 -0.025445 -0.025231 -0.025014 -0.024792 -0.024567 -0.024338 -0.024105 -0.023869 -0.023630 -0.023386 -0.023140 -0.022889 -0.022636 -0.022378 -0.022118 -0.021854 -0.021587 -0.021317 -0.021044 -0.020767 -0.020487 -0.020204 -0.019919 -0.019630 -0.019338 -0.019043 -0.018746 -0.018445 -0.018142 -0.017837 -0.017528 -0.017217 -0.016903 -0.016587 -0.016268 -0.015947 -0.015624 -0.015298 -0.014970 -0.014639 -0.014307 -0.013972 -0.013635 -0.013296 -0.012955 -0.012613 -0.012268 -0.011922 -0.011573 -0.011223 -0.010872 -0.010518 -0.010163 -0.009807 -0.009449 -0.009090 -0.008729 -0.008367 -0.008004 -0.007640 -0.007274 -0.006908 -0.006540 -0.006172 -0.005802 -0.005432 -0.005061 -0.004689 -0.004316 -0.003943 -0.003569 -0.003195 -0.002820 -0.002445 -0.002069 -0.001693 -0.001317 -0.000941 -0.000565 -0.000188 0.000188 0.000565 0.000941 0.001317 0.001693 0.002069 0.002444 0.002819 0.003194 0.003568 0.003941 0.004314 0.004687 0.005058 0.005429 0.005799 0.006168 0.006536 0.006903 0.007269 0.007634 0.007998 0.008360 0.008722 0.009082 0.009440 0.009797 0.010153 0.010507 0.010859 0.011210 0.011559 0.011907 0.012252 0.012596 0.012938 0.013278 0.013616 0.013951 0.014285 0.014617 0.014946 0.015273 0.015598 0.015920 0.016240 0.016557 0.016872 0.017185 0.017494 0.017802 0.018106 0.018408 0.018707 0.019003 0.019296 0.019586 0.019874 0.020158 0.020439 0.020717 0.020992 0.021264 0.021533 0.021798 0.022060 0.022319 0.022575 0.022827 0.023075 0.023320 0.023562 0.023800 0.024034 0.024265 0.024492 0.024715 0.024935 0.025151 0.025363 0.025571 0.025775 0.025976 0.026172 0.026365 0.026553 0.026738 0.026918 0.027095 0.027267 0.027435 0.027600 0.027759 0.027915 0.028067 0.028214 0.028357 0.028496 0.028630 0.028760 0.028886 0.029007 0.029124 0.029237 0.029345 0.029449 0.029548 0.029643 0.029733 0.029819 0.029901 0.029977 0.030050 0.030118 0.030181 0.030239 0.030294 0.030343 0.030388 0.030428 0.030464 0.030495 0.030522 0.030544 0.030561 0.030574 0.030582 0.030585 0.030584 0.030578 0.030568 0.030553 0.030533 0.030509 0.030480 0.030447 0.030409 0.030366 0.030319 0.030267 0.030211 0.030150 0.030084 0.030014 0.029940 0.029860 0.029777 0.029689 0.029596 0.029499 0.029398 0.029292 0.029181 0.029066 0.028947 0.028824 0.028696 0.028563 0.028427 0.028286 0.028141 0.027991 0.027838 0.027680 0.027518 0.027352 0.027181 0.027007 0.026829 0.026646 0.026459 0.026269 0.026074 0.025876 0.025673 0.025467 0.025257 0.025043 0.024825 0.024604 0.024379 0.024150 0.023917 0.023681 0.023441 0.023198 0.022951 0.022701 0.022447 0.022190 0.021930 0.021666 0.021399 0.021129 0.020855 0.020579 0.020299 0.020016 0.019730 0.019441 0.019150 0.018855 0.018557 0.018257 0.017954 0.017648 0.017340 0.017029 0.016715 0.016399 0.016080 0.015759 0.015435 0.015110 0.014781 0.014451 0.014118 0.013784 0.013447 0.013108 0.012767 0.012424 0.012080 0.011733 0.011385 0.011035 0.010683 0.010330 0.009975 0.009619 0.009261 0.008902 0.008541 0.008179 0.007816 0.007452 0.007086 0.006720 0.006352 0.005983 0.005614 0.005244 0.004872 0.004501 0.004128 0.003755 0.003381 0.003007 0.002632 0.002257 0.001881 0.001505 0.001129 0.000753 0.000376 -0.000000 -0.000377 -0.000753 -0.001129 -0.001506 -0.001881 -0.002257 -0.002633 -0.003008 -0.003382 -0.003756 -0.004130 -0.004503 -0.004875 -0.005246 -0.005617 -0.005987 -0.006356 -0.006724 -0.007091 -0.007457 -0.007822 -0.008186 -0.008549 -0.008910 -0.009270 -0.009628 -0.009985 -0.010341 -0.010695 -0.011048 -0.011399 -0.011748 -0.012095 -0.012441 -0.012784 -0.013126 -0.013466 -0.013804 -0.014140 -0.014473 -0.014805 -0.015134 -0.015461 -0.015786 -0.016108 -0.016428 -0.016746 -0.017060 -0.017373 -0.017683 -0.017990 -0.018294 -0.018596 -0.018895 -0.019191 -0.019484 -0.019775 -0.020062 -0.020346 -0.020627 -0.020906 -0.021181 -0.021453 -0.021721 -0.021987 -0.022249 -0.022507 -0.022763 -0.023015 -0.023263 -0.023508 -0.023750 -0.023988 -0.024222 -0.024453 -0.024680 -0.024903 -0.025123 -0.025339 -0.025551 -0.025759 -0.025963 -0.026164 -0.026360 -0.026553 -0.026742 -0.026926 -0.027107 -0.027283 -0.027455 -0.027624 -0.027788 -0.027948 -0.028103 -0.028255 -0.028402 -0.028545 -0.028684 -0.028818 -0.028948 -0.029074 -0.029196 -0.029313 -0.029425 -0.029533 -0.029637 -0.029736 -0.029831 -0.029922 -0.030007 -0.030089 -0.030166 -0.030238 -0.030306 -0.030369 -0.030428 -0.030482 -0.030531 -0.030576 -0.030617 -0.030652 -0.030683 -0.030710 -0.030732 -0.030749 -0.030762 -0.030770 -0.030774 -0.030772 -0.030767 -0.030756 -0.030741 -0.030722 -0.030697 -0.030668 -0.030635 -0.030597 -0.030554 -0.030507 -0.030455 -0.030399 -0.030338 -0.030272 -0.030202 -0.030128 -0.030049 -0.029965 -0.029877 -0.029784 -0.029687 -0.029586 -0.029480 -0.029369 -0.029255 -0.029135 -0.029012 -0.028884 -0.028752 -0.028615 -0.028474 -0.028329 -0.028180 -0.028026 -0.027868 -0.027706 -0.027540 -0.027370 -0.027195 -0.027017 -0.026834 -0.026648 -0.026457 -0.026263 -0.026064 -0.025862 -0.025655 -0.025445 -0.025231 -0.025014 -0.024792 -0.024567 -0.024338 -0.024105 -0.023869 -0.023630 -0.023386 -0.023140 -0.022889 -0.022636 -0.022378 -0.022118 -0.021854 -0.021587 -0.021317 -0.021044 -0.020767 -0.020487 -0.020204 -0.019919 -0.019630 -0.019338 -0.019043 -0.018746 -0.018445 -0.018142 -0.017837 -0.017528 -0.017217 -0.016903 -0.016587 -0.016268 -0.015947 -0.015624 -0.015298 -0.014970 -0.014639 -0.014307 -0.013972 -0.013635 -0.013296 -0.012955 -0.012613 -0.012268 -0.011922 -0.011573 -0.011223 -0.010872 -0.010518 -0.010163 -0.009807 -0.009449 -0.009090 -0.008729 -0.008367 -0.008004 -0.007640 -0.007274 -0.006908 -0.006540 -0.006172 -0.005802 -0.005432 -0.005061 -0.004689 -0.004316 -0.003943 -0.003569 -0.003195 -0.002820 -0.002445 -0.002069 -0.001693 -0.001317 -0.000941 -0.000565 -0.000188 

 cycle number 3999 total computer time 1.808793, time per cycle 0.000452
 time (usec/step) 4.112028 and mflops 16575140.024329
 time (usec/step) 409.654664 and mbps 240.202319
end file output complete
