Kokkos execution space: N6Kokkos4CudaE
number of points in the x direction 384
number of points in the y direction 384
init file output complete
run complete...
model time (sec) = 360000
 gpu cycle number 3999 model time in hours 100.000000


 gpu diagonal elements of p (4000 steps)
50000.013380 50000.013364 50000.013333 50000.013288 50000.013229 50000.013156 50000.013068 50000.012967 50000.012851 50000.012722 50000.012579 50000.012423 50000.012254 50000.012071 50000.011875 50000.011667 50000.011446 50000.011213 50000.010968 50000.010711 50000.010443 50000.010164 50000.009873 50000.009572 50000.009261 50000.008940 50000.008610 50000.008270 50000.007921 50000.007564 50000.007198 50000.006825 50000.006445 50000.006058 50000.005664 50000.005264 50000.004859 50000.004448 50000.004033 50000.003613 50000.003190 50000.002763 50000.002333 50000.001900 50000.001466 50000.001030 50000.000593 50000.000155 49999.999717 49999.999279 49999.998842 49999.998407 49999.997973 49999.997541 49999.997112 49999.996686 49999.996263 49999.995845 49999.995431 49999.995022 49999.994618 49999.994220 49999.993828 49999.993443 49999.993065 49999.992694 49999.992331 49999.991976 49999.991630 49999.991293 49999.990965 49999.990647 49999.990338 49999.990041 49999.989753 49999.989477 49999.989212 49999.988959 49999.988717 49999.988488 49999.988271 49999.988066 49999.987874 49999.987695 49999.987530 49999.987377 49999.987239 49999.987113 49999.987002 49999.986905 49999.986821 49999.986752 49999.986697 49999.986656 49999.986630 49999.986617 49999.986619 49999.986636 49999.986667 49999.986712 49999.986771 49999.986844 49999.986932 49999.987033 49999.987149 49999.987278 49999.987421 49999.987577 49999.987746 49999.987929 49999.988125 49999.988333 49999.988554 49999.988787 49999.989032 49999.989289 49999.989557 49999.989836 49999.990127 49999.990428 49999.990739 49999.991060 49999.991390 49999.991730 49999.992079 49999.992436 49999.992802 49999.993175 49999.993555 49999.993942 49999.994336 49999.994736 49999.995141 49999.995552 49999.995967 49999.996387 49999.996810 49999.997237 49999.997667 49999.998100 49999.998534 49999.998970 49999.999407 49999.999845 50000.000283 50000.000721 50000.001158 50000.001593 50000.002027 50000.002459 50000.002888 50000.003314 50000.003737 50000.004155 50000.004569 50000.004978 50000.005382 50000.005780 50000.006172 50000.006557 50000.006935 50000.007306 50000.007669 50000.008024 50000.008370 50000.008707 50000.009035 50000.009353 50000.009662 50000.009959 50000.010247 50000.010523 50000.010788 50000.011041 50000.011283 50000.011512 50000.011729 50000.011934 50000.012126 50000.012305 50000.012470 50000.012623 50000.012761 50000.012886 50000.012998 50000.013095 50000.013179 50000.013248 50000.013303 50000.013344 50000.013370 50000.013383 50000.013380 50000.013364 50000.013333 50000.013288 50000.013229 50000.013156 50000.013068 50000.012967 50000.012851 50000.012722 50000.012579 50000.012423 50000.012254 50000.012071 50000.011875 50000.011667 50000.011446 50000.011213 50000.010968 50000.010711 50000.010443 50000.010164 50000.009873 50000.009572 50000.009261 50000.008940 50000.008610 50000.008270 50000.007921 50000.007564 50000.007198 50000.006825 50000.006445 50000.006058 50000.005664 50000.005264 50000.004859 50000.004448 50000.004033 50000.003613 50000.003190 50000.002763 50000.002333 50000.001900 50000.001466 50000.001030 50000.000593 50000.000155 49999.999717 49999.999279 49999.998842 49999.998407 49999.997973 49999.997541 49999.997112 49999.996686 49999.996263 49999.995845 49999.995431 49999.995022 49999.994618 49999.994220 49999.993828 49999.993443 49999.993065 49999.992694 49999.992331 49999.991976 49999.991630 49999.991293 49999.990965 49999.990647 49999.990338 49999.990041 49999.989753 49999.989477 49999.989212 49999.988959 49999.988717 49999.988488 49999.988271 49999.988066 49999.987874 49999.987695 49999.987530 49999.987377 49999.987239 49999.987113 49999.987002 49999.986905 49999.986821 49999.986752 49999.986697 49999.986656 49999.986630 49999.986617 49999.986619 49999.986636 49999.986667 49999.986712 49999.986771 49999.986844 49999.986932 49999.987033 49999.987149 49999.987278 49999.987421 49999.987577 49999.987746 49999.987929 49999.988125 49999.988333 49999.988554 49999.988787 49999.989032 49999.989289 49999.989557 49999.989836 49999.990127 49999.990428 49999.990739 49999.991060 49999.991390 49999.991730 49999.992079 49999.992436 49999.992802 49999.993175 49999.993555 49999.993942 49999.994336 49999.994736 49999.995141 49999.995552 49999.995967 49999.996387 49999.996810 49999.997237 49999.997667 49999.998100 49999.998534 49999.998970 49999.999407 49999.999845 50000.000283 50000.000721 50000.001158 50000.001593 50000.002027 50000.002459 50000.002888 50000.003314 50000.003737 50000.004155 50000.004569 50000.004978 50000.005382 50000.005780 50000.006172 50000.006557 50000.006935 50000.007306 50000.007669 50000.008024 50000.008370 50000.008707 50000.009035 50000.009353 50000.009662 50000.009959 50000.010247 50000.010523 50000.010788 50000.011041 50000.011283 50000.011512 50000.011729 50000.011934 50000.012126 50000.012305 50000.012470 50000.012623 50000.012761 50000.012886 50000.012998 50000.013095 50000.013179 50000.013248 50000.013303 50000.013344 50000.013370 50000.013383 
 gpu diagonal elements of u (4000 steps)
-0.001339 -0.004014 -0.006684 -0.009346 -0.011997 -0.014635 -0.017257 -0.019859 -0.022439 -0.024994 -0.027522 -0.030020 -0.032485 -0.034914 -0.037306 -0.039656 -0.041964 -0.044225 -0.046439 -0.048602 -0.050713 -0.052768 -0.054767 -0.056706 -0.058583 -0.060397 -0.062146 -0.063827 -0.065439 -0.066981 -0.068450 -0.069845 -0.071164 -0.072407 -0.073571 -0.074656 -0.075660 -0.076583 -0.077423 -0.078179 -0.078851 -0.079437 -0.079938 -0.080352 -0.080680 -0.080920 -0.081074 -0.081139 -0.081117 -0.081008 -0.080811 -0.080527 -0.080156 -0.079698 -0.079154 -0.078525 -0.077811 -0.077013 -0.076131 -0.075168 -0.074123 -0.072998 -0.071795 -0.070513 -0.069156 -0.067723 -0.066218 -0.064641 -0.062994 -0.061278 -0.059497 -0.057651 -0.055742 -0.053773 -0.051746 -0.049663 -0.047526 -0.045337 -0.043099 -0.040814 -0.038485 -0.036113 -0.033703 -0.031255 -0.028773 -0.026260 -0.023718 -0.021150 -0.018558 -0.015946 -0.013316 -0.010672 -0.008015 -0.005348 -0.002675 0.000001 0.002678 0.005353 0.008023 0.010685 0.013336 0.015974 0.018595 0.021197 0.023778 0.026333 0.028861 0.031359 0.033824 0.036253 0.038644 0.040995 0.043302 0.045564 0.047778 0.049941 0.052052 0.054107 0.056105 0.058044 0.059922 0.061736 0.063484 0.065166 0.066778 0.068319 0.069788 0.071184 0.072503 0.073746 0.074910 0.075995 0.076999 0.077922 0.078761 0.079517 0.080189 0.080776 0.081276 0.081691 0.082019 0.082259 0.082412 0.082478 0.082456 0.082347 0.082150 0.081865 0.081494 0.081036 0.080493 0.079863 0.079149 0.078351 0.077470 0.076506 0.075462 0.074337 0.073133 0.071852 0.070494 0.069062 0.067557 0.065979 0.064332 0.062617 0.060835 0.058989 0.057081 0.055112 0.053085 0.051002 0.048864 0.046676 0.044437 0.042152 0.039823 0.037452 0.035041 0.032594 0.030112 0.027599 0.025057 0.022489 0.019897 0.017285 0.014655 0.012010 0.009353 0.006687 0.004014 0.001338 -0.001339 -0.004014 -0.006684 -0.009346 -0.011997 -0.014635 -0.017257 -0.019859 -0.022439 -0.024994 -0.027522 -0.030020 -0.032485 -0.034914 -0.037306 -0.039656 -0.041964 -0.044225 -0.046439 -0.048602 -0.050713 -0.052768 -0.054767 -0.056706 -0.058583 -0.060397 -0.062146 -0.063827 -0.065439 -0.066981 -0.068450 -0.069845 -0.071164 -0.072407 -0.073571 -0.074656 -0.075660 -0.076583 -0.077423 -0.078179 -0.078851 -0.079437 -0.079938 -0.080352 -0.080680 -0.080920 -0.081074 -0.081139 -0.081117 -0.081008 -0.080811 -0.080527 -0.080156 -0.079698 -0.079154 -0.078525 -0.077811 -0.077013 -0.076131 -0.075168 -0.074123 -0.072998 -0.071795 -0.070513 -0.069156 -0.067723 -0.066218 -0.064641 -0.062994 -0.061278 -0.059497 -0.057651 -0.055742 -0.053773 -0.051746 -0.049663 -0.047526 -0.045337 -0.043099 -0.040814 -0.038484 -0.036113 -0.033703 -0.031255 -0.028773 -0.026260 -0.023718 -0.021150 -0.018558 -0.015946 -0.013316 -0.010672 -0.008014 -0.005348 -0.002675 0.000001 0.002678 0.005353 0.008023 0.010685 0.013336 0.015974 0.018595 0.021197 0.023778 0.026333 0.028861 0.031359 0.033824 0.036253 0.038644 0.040995 0.043302 0.045564 0.047778 0.049941 0.052052 0.054107 0.056105 0.058044 0.059922 0.061736 0.063484 0.065166 0.066778 0.068319 0.069788 0.071184 0.072503 0.073746 0.074910 0.075995 0.076999 0.077922 0.078761 0.079517 0.080189 0.080776 0.081276 0.081691 0.082019 0.082259 0.082412 0.082478 0.082456 0.082347 0.082150 0.081865 0.081494 0.081036 0.080493 0.079863 0.079149 0.078351 0.077470 0.076506 0.075462 0.074337 0.073133 0.071852 0.070494 0.069062 0.067557 0.065979 0.064332 0.062617 0.060835 0.058989 0.057081 0.055112 0.053085 0.051002 0.048864 0.046676 0.044437 0.042152 0.039823 0.037452 0.035041 0.032594 0.030112 0.027599 0.025057 0.022489 0.019897 0.017285 0.014655 0.012010 0.009353 0.006687 0.004014 0.001338 
 gpu diagonal elements of v (4000 step)
0.001338 0.004012 0.006682 0.009344 0.011996 0.014633 0.017255 0.019857 0.022437 0.024993 0.027521 0.030018 0.032483 0.034913 0.037304 0.039655 0.041962 0.044224 0.046438 0.048601 0.050711 0.052767 0.054765 0.056704 0.058582 0.060396 0.062144 0.063826 0.065438 0.066980 0.068449 0.069844 0.071164 0.072406 0.073571 0.074656 0.075660 0.076582 0.077422 0.078178 0.078850 0.079437 0.079937 0.080352 0.080680 0.080920 0.081074 0.081139 0.081117 0.081008 0.080811 0.080527 0.080156 0.079698 0.079154 0.078525 0.077811 0.077013 0.076132 0.075168 0.074124 0.072999 0.071795 0.070514 0.069157 0.067724 0.066219 0.064642 0.062995 0.061280 0.059498 0.057652 0.055744 0.053775 0.051748 0.049664 0.047527 0.045338 0.043100 0.040815 0.038486 0.036115 0.033704 0.031257 0.028775 0.026262 0.023720 0.021152 0.018560 0.015948 0.013318 0.010673 0.008016 0.005350 0.002677 0.000001 -0.002676 -0.005351 -0.008021 -0.010683 -0.013334 -0.015972 -0.018593 -0.021196 -0.023776 -0.026331 -0.028859 -0.031357 -0.033822 -0.036251 -0.038643 -0.040993 -0.043301 -0.045562 -0.047776 -0.049940 -0.052050 -0.054106 -0.056104 -0.058043 -0.059920 -0.061734 -0.063483 -0.065164 -0.066777 -0.068318 -0.069787 -0.071183 -0.072502 -0.073745 -0.074909 -0.075994 -0.076998 -0.077921 -0.078761 -0.079517 -0.080189 -0.080775 -0.081276 -0.081691 -0.082018 -0.082259 -0.082412 -0.082478 -0.082456 -0.082347 -0.082150 -0.081866 -0.081494 -0.081037 -0.080493 -0.079864 -0.079150 -0.078352 -0.077471 -0.076507 -0.075462 -0.074338 -0.073134 -0.071853 -0.070495 -0.069063 -0.067558 -0.065980 -0.064333 -0.062618 -0.060837 -0.058991 -0.057082 -0.055113 -0.053086 -0.051003 -0.048866 -0.046677 -0.044439 -0.042154 -0.039825 -0.037453 -0.035043 -0.032595 -0.030114 -0.027600 -0.025058 -0.022490 -0.019899 -0.017287 -0.014657 -0.012012 -0.009355 -0.006689 -0.004016 -0.001340 0.001338 0.004012 0.006682 0.009344 0.011996 0.014633 0.017255 0.019857 0.022437 0.024993 0.027521 0.030018 0.032483 0.034913 0.037304 0.039655 0.041962 0.044224 0.046438 0.048601 0.050711 0.052767 0.054765 0.056704 0.058582 0.060396 0.062144 0.063826 0.065438 0.066980 0.068449 0.069844 0.071164 0.072406 0.073571 0.074656 0.075660 0.076582 0.077422 0.078178 0.078850 0.079437 0.079937 0.080352 0.080680 0.080920 0.081074 0.081139 0.081117 0.081008 0.080811 0.080527 0.080156 0.079698 0.079154 0.078525 0.077811 0.077013 0.076132 0.075168 0.074124 0.072999 0.071795 0.070514 0.069157 0.067724 0.066219 0.064642 0.062995 0.061280 0.059498 0.057652 0.055744 0.053775 0.051748 0.049664 0.047527 0.045338 0.043100 0.040815 0.038486 0.036115 0.033704 0.031257 0.028775 0.026262 0.023720 0.021152 0.018560 0.015948 0.013318 0.010673 0.008016 0.005350 0.002677 0.000001 -0.002676 -0.005351 -0.008021 -0.010683 -0.013334 -0.015972 -0.018593 -0.021196 -0.023776 -0.026331 -0.028859 -0.031357 -0.033822 -0.036251 -0.038643 -0.040993 -0.043301 -0.045563 -0.047776 -0.049940 -0.052050 -0.054106 -0.056104 -0.058043 -0.059920 -0.061734 -0.063483 -0.065164 -0.066777 -0.068318 -0.069787 -0.071183 -0.072502 -0.073745 -0.074909 -0.075994 -0.076998 -0.077921 -0.078761 -0.079517 -0.080189 -0.080775 -0.081276 -0.081691 -0.082018 -0.082259 -0.082412 -0.082478 -0.082456 -0.082347 -0.082150 -0.081866 -0.081494 -0.081037 -0.080493 -0.079864 -0.079150 -0.078352 -0.077471 -0.076507 -0.075462 -0.074338 -0.073134 -0.071853 -0.070495 -0.069063 -0.067558 -0.065980 -0.064333 -0.062618 -0.060837 -0.058991 -0.057082 -0.055113 -0.053086 -0.051003 -0.048866 -0.046677 -0.044439 -0.042154 -0.039825 -0.037453 -0.035043 -0.032595 -0.030114 -0.027600 -0.025058 -0.022490 -0.019899 -0.017287 -0.014657 -0.012012 -0.009355 -0.006689 -0.004016 -0.001340 

 cycle number 3999 total computer time 0.247862, time per cycle 0.000062
 time (usec/step) 4.168792 and mflops 2299140.745006
 time (usec/step) 52.473368 and mbps 704.357299
end file output complete
