Kokkos execution space: N6Kokkos4CudaE
number of points in the x direction 128
number of points in the y direction 128
init file output complete
run complete...
model time (sec) = 360000
 gpu cycle number 3999 model time in hours 100.000000


 gpu diagonal elements of p (4000 steps)
50000.119032 50000.116270 50000.112389 50000.107426 50000.101428 50000.094453 50000.086569 50000.077851 50000.068383 50000.058256 50000.047568 50000.036421 50000.024924 50000.013185 50000.001320 49999.989441 49999.977663 49999.966100 49999.954862 49999.944059 49999.933794 49999.924167 49999.915269 49999.907188 49999.899999 49999.893775 49999.888573 49999.884444 49999.881428 49999.879555 49999.878841 49999.879295 49999.880911 49999.883675 49999.887559 49999.892526 49999.898528 49999.905508 49999.913397 49999.922121 49999.931595 49999.941727 49999.952420 49999.963570 49999.975072 49999.986812 49999.998680 50000.010559 50000.022337 50000.033898 50000.045133 50000.055932 50000.066193 50000.075815 50000.084707 50000.092784 50000.099966 50000.106186 50000.111383 50000.115507 50000.118520 50000.120390 50000.121102 50000.120648 50000.119032 50000.116271 50000.112389 50000.107426 50000.101428 50000.094453 50000.086568 50000.077851 50000.068383 50000.058256 50000.047568 50000.036421 50000.024924 50000.013185 50000.001320 49999.989441 49999.977663 49999.966100 49999.954862 49999.944059 49999.933795 49999.924167 49999.915270 49999.907188 49999.900000 49999.893775 49999.888573 49999.884444 49999.881428 49999.879555 49999.878841 49999.879295 49999.880911 49999.883674 49999.887559 49999.892526 49999.898528 49999.905507 49999.913397 49999.922121 49999.931594 49999.941726 49999.952419 49999.963570 49999.975072 49999.986813 49999.998680 50000.010559 50000.022337 50000.033898 50000.045133 50000.055933 50000.066193 50000.075815 50000.084707 50000.092784 50000.099966 50000.106186 50000.111383 50000.115507 50000.118520 50000.120391 50000.121102 50000.120648 
 gpu diagonal elements of u (4000 steps)
-0.012019 -0.035922 -0.059420 -0.082289 -0.104306 -0.125262 -0.144953 -0.163190 -0.179797 -0.194615 -0.207501 -0.218330 -0.226999 -0.233423 -0.237542 -0.239315 -0.238725 -0.235778 -0.230502 -0.222949 -0.213190 -0.201320 -0.187454 -0.171724 -0.154282 -0.135297 -0.114950 -0.093439 -0.070970 -0.047759 -0.024030 -0.000012 0.024065 0.047967 0.071466 0.094334 0.116352 0.137307 0.156998 0.175235 0.191843 0.206661 0.219546 0.230376 0.239044 0.245469 0.249587 0.251360 0.250770 0.247823 0.242548 0.234994 0.225236 0.213366 0.199499 0.183770 0.166328 0.147342 0.126996 0.105485 0.083015 0.059804 0.036076 0.012057 -0.012019 -0.035922 -0.059420 -0.082289 -0.104307 -0.125262 -0.144953 -0.163190 -0.179797 -0.194615 -0.207501 -0.218330 -0.226999 -0.233423 -0.237542 -0.239315 -0.238725 -0.235778 -0.230502 -0.222949 -0.213190 -0.201320 -0.187454 -0.171724 -0.154282 -0.135297 -0.114950 -0.093439 -0.070970 -0.047759 -0.024030 -0.000012 0.024065 0.047967 0.071466 0.094334 0.116352 0.137307 0.156998 0.175235 0.191843 0.206661 0.219546 0.230376 0.239044 0.245469 0.249587 0.251360 0.250770 0.247823 0.242548 0.234994 0.225236 0.213366 0.199499 0.183770 0.166328 0.147342 0.126996 0.105484 0.083015 0.059804 0.036075 0.012057 
 gpu diagonal elements of v (4000 step)
0.012043 0.035945 0.059443 0.082311 0.104328 0.125282 0.144972 0.163208 0.179814 0.194630 0.207514 0.218341 0.227007 0.233430 0.237546 0.239317 0.238724 0.235775 0.230497 0.222942 0.213181 0.201309 0.187441 0.171709 0.154266 0.135279 0.114931 0.093418 0.070948 0.047736 0.024007 -0.000012 -0.024088 -0.047991 -0.071489 -0.094357 -0.116374 -0.137328 -0.157018 -0.175254 -0.191859 -0.206675 -0.219559 -0.230386 -0.239053 -0.245475 -0.249592 -0.251362 -0.250770 -0.247821 -0.242543 -0.234987 -0.225226 -0.213354 -0.199486 -0.183754 -0.166311 -0.147324 -0.126976 -0.105463 -0.082993 -0.059782 -0.036052 -0.012034 0.012043 0.035945 0.059443 0.082311 0.104328 0.125282 0.144972 0.163208 0.179814 0.194630 0.207514 0.218341 0.227007 0.233430 0.237546 0.239317 0.238724 0.235775 0.230497 0.222942 0.213181 0.201309 0.187441 0.171709 0.154266 0.135279 0.114931 0.093418 0.070948 0.047736 0.024007 -0.000012 -0.024088 -0.047991 -0.071489 -0.094357 -0.116374 -0.137328 -0.157018 -0.175254 -0.191859 -0.206675 -0.219559 -0.230386 -0.239053 -0.245475 -0.249592 -0.251362 -0.250770 -0.247821 -0.242543 -0.234987 -0.225226 -0.213354 -0.199486 -0.183754 -0.166311 -0.147324 -0.126976 -0.105463 -0.082993 -0.059782 -0.036052 -0.012034 

 cycle number 3999 total computer time 0.064075, time per cycle 0.000016
 time (usec/step) 3.820205 and mflops 278770.376383
 time (usec/step) 12.114529 and mbps 1022.243653
end file output complete
