Kokkos execution space: N6Kokkos4CudaE
number of points in the x direction 64
number of points in the y direction 64
init file output complete
run complete...
model time (sec) = 360000
 gpu cycle number 3999 model time in hours 100.000000


 gpu diagonal elements of p (4000 steps)
50000.477461 50000.463255 50000.431270 50000.382714 50000.319429 50000.243821 50000.158776 50000.067547 49999.973636 49999.880656 49999.792194 49999.711673 49999.642210 49999.586499 49999.546704 49999.524366 49999.520350 49999.534804 49999.567158 49999.616150 49999.679871 49999.755848 49999.841140 49999.932455 50000.026280 50000.119013 50000.207104 50000.287190 50000.356216 50000.411557 50000.451105 50000.473356 50000.477459 50000.463253 50000.431268 50000.382713 50000.319428 50000.243821 50000.158776 50000.067547 49999.973636 49999.880656 49999.792195 49999.711673 49999.642210 49999.586500 49999.546704 49999.524367 49999.520350 49999.534804 49999.567159 49999.616150 49999.679871 49999.755848 49999.841140 49999.932456 50000.026280 50000.119013 50000.207105 50000.287191 50000.356218 50000.411559 50000.451107 50000.473359 
 gpu diagonal elements of u (4000 steps)
-0.048068 -0.141370 -0.228315 -0.305560 -0.370138 -0.419566 -0.451946 -0.466032 -0.461284 -0.437883 -0.396730 -0.339406 -0.268113 -0.185591 -0.095012 0.000144 0.096219 0.189523 0.276468 0.353713 0.418291 0.467720 0.500099 0.514185 0.509437 0.486036 0.444882 0.387558 0.316264 0.233742 0.143163 0.048008 -0.048068 -0.141370 -0.228315 -0.305560 -0.370138 -0.419566 -0.451946 -0.466032 -0.461284 -0.437883 -0.396730 -0.339406 -0.268113 -0.185591 -0.095012 0.000144 0.096219 0.189522 0.276468 0.353713 0.418291 0.467720 0.500099 0.514185 0.509437 0.486036 0.444882 0.387557 0.316264 0.233742 0.143163 0.048008 
 gpu diagonal elements of v (4000 step)
0.047776 0.141086 0.228049 0.305322 0.369938 0.419411 0.451842 0.465984 0.461293 0.437949 0.396850 0.339575 0.268325 0.185839 0.095285 0.000144 -0.095928 -0.189238 -0.276202 -0.353476 -0.418092 -0.467565 -0.499996 -0.514137 -0.509445 -0.486101 -0.445001 -0.387726 -0.316476 -0.233989 -0.143435 -0.048295 0.047776 0.141086 0.228049 0.305323 0.369938 0.419411 0.451842 0.465984 0.461293 0.437949 0.396850 0.339575 0.268325 0.185839 0.095285 0.000144 -0.095928 -0.189238 -0.276202 -0.353476 -0.418092 -0.467565 -0.499996 -0.514137 -0.509445 -0.486101 -0.445001 -0.387726 -0.316476 -0.233989 -0.143435 -0.048295 

 cycle number 3999 total computer time 0.062941, time per cycle 0.000016
 time (usec/step) 3.730183 and mflops 71374.523027
 time (usec/step) 11.923731 and mbps 523.326133
end file output complete
