Kokkos::OpenMP::initialize WARNING: OMP_PROC_BIND environment variable not set
  In general, for best performance with OpenMP 4.0 or better set OMP_PROC_BIND=spread and OMP_PLACES=threads
  For best performance with OpenMP 3.1 set OMP_PROC_BIND=true
  For unit testing set OMP_PROC_BIND=false
init file output complete
run complete...
model time (sec) = 360000
 gpu cycle number 3999 model time in hours 100.000000


 gpu diagonal elements of p (4000 steps)
50000.000837 50000.000837 50000.000837 50000.000836 50000.000836 50000.000836 50000.000836 50000.000835 50000.000835 50000.000834 50000.000834 50000.000833 50000.000833 50000.000832 50000.000831 50000.000830 50000.000829 50000.000829 50000.000828 50000.000827 50000.000825 50000.000824 50000.000823 50000.000822 50000.000821 50000.000819 50000.000818 50000.000816 50000.000815 50000.000813 50000.000812 50000.000810 50000.000808 50000.000806 50000.000804 50000.000802 50000.000801 50000.000799 50000.000796 50000.000794 50000.000792 50000.000790 50000.000788 50000.000785 50000.000783 50000.000780 50000.000778 50000.000775 50000.000773 50000.000770 50000.000767 50000.000765 50000.000762 50000.000759 50000.000756 50000.000753 50000.000750 50000.000747 50000.000744 50000.000741 50000.000738 50000.000734 50000.000731 50000.000728 50000.000724 50000.000721 50000.000717 50000.000714 50000.000710 50000.000707 50000.000703 50000.000699 50000.000695 50000.000692 50000.000688 50000.000684 50000.000680 50000.000676 50000.000672 50000.000668 50000.000664 50000.000659 50000.000655 50000.000651 50000.000647 50000.000642 50000.000638 50000.000633 50000.000629 50000.000624 50000.000620 50000.000615 50000.000610 50000.000606 50000.000601 50000.000596 50000.000591 50000.000587 50000.000582 50000.000577 50000.000572 50000.000567 50000.000562 50000.000557 50000.000551 50000.000546 50000.000541 50000.000536 50000.000531 50000.000525 50000.000520 50000.000514 50000.000509 50000.000504 50000.000498 50000.000493 50000.000487 50000.000481 50000.000476 50000.000470 50000.000465 50000.000459 50000.000453 50000.000447 50000.000442 50000.000436 50000.000430 50000.000424 50000.000418 50000.000412 50000.000406 50000.000400 50000.000394 50000.000388 50000.000382 50000.000376 50000.000370 50000.000364 50000.000357 50000.000351 50000.000345 50000.000339 50000.000332 50000.000326 50000.000320 50000.000314 50000.000307 50000.000301 50000.000294 50000.000288 50000.000282 50000.000275 50000.000269 50000.000262 50000.000256 50000.000249 50000.000243 50000.000236 50000.000229 50000.000223 50000.000216 50000.000210 50000.000203 50000.000196 50000.000190 50000.000183 50000.000176 50000.000170 50000.000163 50000.000156 50000.000149 50000.000143 50000.000136 50000.000129 50000.000122 50000.000116 50000.000109 50000.000102 50000.000095 50000.000089 50000.000082 50000.000075 50000.000068 50000.000061 50000.000054 50000.000048 50000.000041 50000.000034 50000.000027 50000.000020 50000.000013 50000.000007 50000.000000 49999.999993 49999.999986 49999.999979 49999.999972 49999.999965 49999.999959 49999.999952 49999.999945 49999.999938 49999.999931 49999.999924 49999.999918 49999.999911 49999.999904 49999.999897 49999.999890 49999.999884 49999.999877 49999.999870 49999.999863 49999.999857 49999.999850 49999.999843 49999.999836 49999.999830 49999.999823 49999.999816 49999.999810 49999.999803 49999.999796 49999.999790 49999.999783 49999.999777 49999.999770 49999.999763 49999.999757 49999.999750 49999.999744 49999.999737 49999.999731 49999.999724 49999.999718 49999.999711 49999.999705 49999.999699 49999.999692 49999.999686 49999.999680 49999.999673 49999.999667 49999.999661 49999.999654 49999.999648 49999.999642 49999.999636 49999.999630 49999.999624 49999.999617 49999.999611 49999.999605 49999.999599 49999.999593 49999.999587 49999.999581 49999.999575 49999.999570 49999.999564 49999.999558 49999.999552 49999.999546 49999.999541 49999.999535 49999.999529 49999.999524 49999.999518 49999.999512 49999.999507 49999.999501 49999.999496 49999.999490 49999.999485 49999.999480 49999.999474 49999.999469 49999.999464 49999.999458 49999.999453 49999.999448 49999.999443 49999.999438 49999.999433 49999.999428 49999.999423 49999.999418 49999.999413 49999.999408 49999.999403 49999.999399 49999.999394 49999.999389 49999.999384 49999.999380 49999.999375 49999.999371 49999.999366 49999.999362 49999.999357 49999.999353 49999.999349 49999.999344 49999.999340 49999.999336 49999.999332 49999.999328 49999.999324 49999.999320 49999.999316 49999.999312 49999.999308 49999.999304 49999.999300 49999.999297 49999.999293 49999.999289 49999.999286 49999.999282 49999.999279 49999.999275 49999.999272 49999.999269 49999.999265 49999.999262 49999.999259 49999.999256 49999.999253 49999.999249 49999.999246 49999.999244 49999.999241 49999.999238 49999.999235 49999.999232 49999.999230 49999.999227 49999.999224 49999.999222 49999.999219 49999.999217 49999.999214 49999.999212 49999.999210 49999.999208 49999.999205 49999.999203 49999.999201 49999.999199 49999.999197 49999.999195 49999.999194 49999.999192 49999.999190 49999.999188 49999.999187 49999.999185 49999.999184 49999.999182 49999.999181 49999.999179 49999.999178 49999.999177 49999.999176 49999.999174 49999.999173 49999.999172 49999.999171 49999.999170 49999.999170 49999.999169 49999.999168 49999.999167 49999.999167 49999.999166 49999.999166 49999.999165 49999.999165 49999.999164 49999.999164 49999.999164 49999.999164 49999.999163 49999.999163 49999.999163 49999.999163 49999.999163 49999.999164 49999.999164 49999.999164 49999.999164 49999.999165 49999.999165 49999.999166 49999.999166 49999.999167 49999.999167 49999.999168 49999.999169 49999.999170 49999.999171 49999.999171 49999.999172 49999.999173 49999.999175 49999.999176 49999.999177 49999.999178 49999.999179 49999.999181 49999.999182 49999.999184 49999.999185 49999.999187 49999.999188 49999.999190 49999.999192 49999.999194 49999.999196 49999.999197 49999.999199 49999.999201 49999.999204 49999.999206 49999.999208 49999.999210 49999.999212 49999.999215 49999.999217 49999.999220 49999.999222 49999.999225 49999.999227 49999.999230 49999.999232 49999.999235 49999.999238 49999.999241 49999.999244 49999.999247 49999.999250 49999.999253 49999.999256 49999.999259 49999.999262 49999.999266 49999.999269 49999.999272 49999.999276 49999.999279 49999.999283 49999.999286 49999.999290 49999.999293 49999.999297 49999.999301 49999.999305 49999.999308 49999.999312 49999.999316 49999.999320 49999.999324 49999.999328 49999.999332 49999.999336 49999.999341 49999.999345 49999.999349 49999.999353 49999.999358 49999.999362 49999.999367 49999.999371 49999.999376 49999.999380 49999.999385 49999.999390 49999.999394 49999.999399 49999.999404 49999.999409 49999.999413 49999.999418 49999.999423 49999.999428 49999.999433 49999.999438 49999.999443 49999.999449 49999.999454 49999.999459 49999.999464 49999.999469 49999.999475 49999.999480 49999.999486 49999.999491 49999.999496 49999.999502 49999.999507 49999.999513 49999.999519 49999.999524 49999.999530 49999.999535 49999.999541 49999.999547 49999.999553 49999.999558 49999.999564 49999.999570 49999.999576 49999.999582 49999.999588 49999.999594 49999.999600 49999.999606 49999.999612 49999.999618 49999.999624 49999.999630 49999.999636 49999.999643 49999.999649 49999.999655 49999.999661 49999.999668 49999.999674 49999.999680 49999.999686 49999.999693 49999.999699 49999.999706 49999.999712 49999.999718 49999.999725 49999.999731 49999.999738 49999.999744 49999.999751 49999.999757 49999.999764 49999.999771 49999.999777 49999.999784 49999.999790 49999.999797 49999.999804 49999.999810 49999.999817 49999.999824 49999.999830 49999.999837 49999.999844 49999.999851 49999.999857 49999.999864 49999.999871 49999.999878 49999.999884 49999.999891 49999.999898 49999.999905 49999.999911 49999.999918 49999.999925 49999.999932 49999.999939 49999.999946 49999.999952 49999.999959 49999.999966 49999.999973 49999.999980 49999.999987 49999.999993 50000.000000 50000.000007 50000.000014 50000.000021 50000.000028 50000.000035 50000.000041 50000.000048 50000.000055 50000.000062 50000.000069 50000.000076 50000.000082 50000.000089 50000.000096 50000.000103 50000.000110 50000.000116 50000.000123 50000.000130 50000.000137 50000.000143 50000.000150 50000.000157 50000.000164 50000.000170 50000.000177 50000.000184 50000.000190 50000.000197 50000.000204 50000.000210 50000.000217 50000.000223 50000.000230 50000.000237 50000.000243 50000.000250 50000.000256 50000.000263 50000.000269 50000.000276 50000.000282 50000.000289 50000.000295 50000.000301 50000.000308 50000.000314 50000.000320 50000.000327 50000.000333 50000.000339 50000.000346 50000.000352 50000.000358 50000.000364 50000.000370 50000.000376 50000.000383 50000.000389 50000.000395 50000.000401 50000.000407 50000.000413 50000.000419 50000.000425 50000.000430 50000.000436 50000.000442 50000.000448 50000.000454 50000.000459 50000.000465 50000.000471 50000.000476 50000.000482 50000.000488 50000.000493 50000.000499 50000.000504 50000.000510 50000.000515 50000.000520 50000.000526 50000.000531 50000.000536 50000.000542 50000.000547 50000.000552 50000.000557 50000.000562 50000.000567 50000.000572 50000.000577 50000.000582 50000.000587 50000.000592 50000.000597 50000.000601 50000.000606 50000.000611 50000.000616 50000.000620 50000.000625 50000.000629 50000.000634 50000.000638 50000.000643 50000.000647 50000.000651 50000.000656 50000.000660 50000.000664 50000.000668 50000.000672 50000.000676 50000.000680 50000.000684 50000.000688 50000.000692 50000.000696 50000.000700 50000.000703 50000.000707 50000.000711 50000.000714 50000.000718 50000.000721 50000.000725 50000.000728 50000.000731 50000.000735 50000.000738 50000.000741 50000.000744 50000.000747 50000.000751 50000.000754 50000.000756 50000.000759 50000.000762 50000.000765 50000.000768 50000.000770 50000.000773 50000.000776 50000.000778 50000.000781 50000.000783 50000.000786 50000.000788 50000.000790 50000.000792 50000.000795 50000.000797 50000.000799 50000.000801 50000.000803 50000.000805 50000.000806 50000.000808 50000.000810 50000.000812 50000.000813 50000.000815 50000.000816 50000.000818 50000.000819 50000.000821 50000.000822 50000.000823 50000.000824 50000.000826 50000.000827 50000.000828 50000.000829 50000.000830 50000.000830 50000.000831 50000.000832 50000.000833 50000.000833 50000.000834 50000.000834 50000.000835 50000.000835 50000.000836 50000.000836 50000.000836 50000.000836 50000.000837 50000.000837 50000.000837 50000.000837 50000.000837 50000.000836 50000.000836 50000.000836 50000.000836 50000.000835 50000.000835 50000.000834 50000.000834 50000.000833 50000.000833 50000.000832 50000.000831 50000.000830 50000.000829 50000.000829 50000.000828 50000.000827 50000.000825 50000.000824 50000.000823 50000.000822 50000.000820 50000.000819 50000.000818 50000.000816 50000.000815 50000.000813 50000.000812 50000.000810 50000.000808 50000.000806 50000.000804 50000.000803 50000.000801 50000.000799 50000.000796 50000.000794 50000.000792 50000.000790 50000.000788 50000.000785 50000.000783 50000.000780 50000.000778 50000.000775 50000.000773 50000.000770 50000.000768 50000.000765 50000.000762 50000.000759 50000.000756 50000.000753 50000.000750 50000.000747 50000.000744 50000.000741 50000.000738 50000.000734 50000.000731 50000.000728 50000.000724 50000.000721 50000.000717 50000.000714 50000.000710 50000.000707 50000.000703 50000.000699 50000.000695 50000.000692 50000.000688 50000.000684 50000.000680 50000.000676 50000.000672 50000.000668 50000.000664 50000.000659 50000.000655 50000.000651 50000.000647 50000.000642 50000.000638 50000.000633 50000.000629 50000.000624 50000.000620 50000.000615 50000.000610 50000.000606 50000.000601 50000.000596 50000.000591 50000.000587 50000.000582 50000.000577 50000.000572 50000.000567 50000.000562 50000.000557 50000.000551 50000.000546 50000.000541 50000.000536 50000.000531 50000.000525 50000.000520 50000.000514 50000.000509 50000.000504 50000.000498 50000.000493 50000.000487 50000.000482 50000.000476 50000.000470 50000.000465 50000.000459 50000.000453 50000.000447 50000.000442 50000.000436 50000.000430 50000.000424 50000.000418 50000.000412 50000.000406 50000.000400 50000.000394 50000.000388 50000.000382 50000.000376 50000.000370 50000.000364 50000.000357 50000.000351 50000.000345 50000.000339 50000.000332 50000.000326 50000.000320 50000.000314 50000.000307 50000.000301 50000.000294 50000.000288 50000.000282 50000.000275 50000.000269 50000.000262 50000.000256 50000.000249 50000.000243 50000.000236 50000.000229 50000.000223 50000.000216 50000.000210 50000.000203 50000.000196 50000.000190 50000.000183 50000.000176 50000.000170 50000.000163 50000.000156 50000.000149 50000.000143 50000.000136 50000.000129 50000.000122 50000.000116 50000.000109 50000.000102 50000.000095 50000.000089 50000.000082 50000.000075 50000.000068 50000.000061 50000.000054 50000.000048 50000.000041 50000.000034 50000.000027 50000.000020 50000.000013 50000.000007 50000.000000 49999.999993 49999.999986 49999.999979 49999.999972 49999.999965 49999.999959 49999.999952 49999.999945 49999.999938 49999.999931 49999.999924 49999.999918 49999.999911 49999.999904 49999.999897 49999.999890 49999.999884 49999.999877 49999.999870 49999.999863 49999.999857 49999.999850 49999.999843 49999.999836 49999.999830 49999.999823 49999.999816 49999.999810 49999.999803 49999.999796 49999.999790 49999.999783 49999.999777 49999.999770 49999.999763 49999.999757 49999.999750 49999.999744 49999.999737 49999.999731 49999.999724 49999.999718 49999.999711 49999.999705 49999.999699 49999.999692 49999.999686 49999.999680 49999.999673 49999.999667 49999.999661 49999.999654 49999.999648 49999.999642 49999.999636 49999.999630 49999.999624 49999.999617 49999.999611 49999.999605 49999.999599 49999.999593 49999.999587 49999.999581 49999.999575 49999.999570 49999.999564 49999.999558 49999.999552 49999.999546 49999.999541 49999.999535 49999.999529 49999.999524 49999.999518 49999.999512 49999.999507 49999.999501 49999.999496 49999.999490 49999.999485 49999.999480 49999.999474 49999.999469 49999.999464 49999.999458 49999.999453 49999.999448 49999.999443 49999.999438 49999.999433 49999.999428 49999.999423 49999.999418 49999.999413 49999.999408 49999.999403 49999.999399 49999.999394 49999.999389 49999.999384 49999.999380 49999.999375 49999.999371 49999.999366 49999.999362 49999.999357 49999.999353 49999.999349 49999.999344 49999.999340 49999.999336 49999.999332 49999.999328 49999.999324 49999.999320 49999.999316 49999.999312 49999.999308 49999.999304 49999.999300 49999.999297 49999.999293 49999.999289 49999.999286 49999.999282 49999.999279 49999.999275 49999.999272 49999.999269 49999.999265 49999.999262 49999.999259 49999.999256 49999.999253 49999.999249 49999.999246 49999.999244 49999.999241 49999.999238 49999.999235 49999.999232 49999.999230 49999.999227 49999.999224 49999.999222 49999.999219 49999.999217 49999.999214 49999.999212 49999.999210 49999.999208 49999.999205 49999.999203 49999.999201 49999.999199 49999.999197 49999.999195 49999.999194 49999.999192 49999.999190 49999.999188 49999.999187 49999.999185 49999.999184 49999.999182 49999.999181 49999.999179 49999.999178 49999.999177 49999.999176 49999.999174 49999.999173 49999.999172 49999.999171 49999.999170 49999.999170 49999.999169 49999.999168 49999.999167 49999.999167 49999.999166 49999.999166 49999.999165 49999.999165 49999.999164 49999.999164 49999.999164 49999.999164 49999.999163 49999.999163 49999.999163 49999.999163 49999.999163 49999.999164 49999.999164 49999.999164 49999.999164 49999.999165 49999.999165 49999.999166 49999.999166 49999.999167 49999.999167 49999.999168 49999.999169 49999.999170 49999.999171 49999.999171 49999.999172 49999.999173 49999.999175 49999.999176 49999.999177 49999.999178 49999.999179 49999.999181 49999.999182 49999.999184 49999.999185 49999.999187 49999.999188 49999.999190 49999.999192 49999.999194 49999.999196 49999.999197 49999.999199 49999.999201 49999.999204 49999.999206 49999.999208 49999.999210 49999.999212 49999.999215 49999.999217 49999.999220 49999.999222 49999.999225 49999.999227 49999.999230 49999.999232 49999.999235 49999.999238 49999.999241 49999.999244 49999.999247 49999.999250 49999.999253 49999.999256 49999.999259 49999.999262 49999.999266 49999.999269 49999.999272 49999.999276 49999.999279 49999.999283 49999.999286 49999.999290 49999.999293 49999.999297 49999.999301 49999.999305 49999.999308 49999.999312 49999.999316 49999.999320 49999.999324 49999.999328 49999.999332 49999.999336 49999.999341 49999.999345 49999.999349 49999.999353 49999.999358 49999.999362 49999.999367 49999.999371 49999.999376 49999.999380 49999.999385 49999.999390 49999.999394 49999.999399 49999.999404 49999.999409 49999.999413 49999.999418 49999.999423 49999.999428 49999.999433 49999.999438 49999.999443 49999.999449 49999.999454 49999.999459 49999.999464 49999.999469 49999.999475 49999.999480 49999.999486 49999.999491 49999.999496 49999.999502 49999.999507 49999.999513 49999.999519 49999.999524 49999.999530 49999.999535 49999.999541 49999.999547 49999.999553 49999.999558 49999.999564 49999.999570 49999.999576 49999.999582 49999.999588 49999.999594 49999.999600 49999.999606 49999.999612 49999.999618 49999.999624 49999.999630 49999.999636 49999.999643 49999.999649 49999.999655 49999.999661 49999.999668 49999.999674 49999.999680 49999.999686 49999.999693 49999.999699 49999.999706 49999.999712 49999.999718 49999.999725 49999.999731 49999.999738 49999.999744 49999.999751 49999.999757 49999.999764 49999.999771 49999.999777 49999.999784 49999.999790 49999.999797 49999.999804 49999.999810 49999.999817 49999.999824 49999.999830 49999.999837 49999.999844 49999.999851 49999.999857 49999.999864 49999.999871 49999.999878 49999.999884 49999.999891 49999.999898 49999.999905 49999.999911 49999.999918 49999.999925 49999.999932 49999.999939 49999.999946 49999.999952 49999.999959 49999.999966 49999.999973 49999.999980 49999.999987 49999.999993 50000.000000 50000.000007 50000.000014 50000.000021 50000.000028 50000.000035 50000.000041 50000.000048 50000.000055 50000.000062 50000.000069 50000.000076 50000.000082 50000.000089 50000.000096 50000.000103 50000.000110 50000.000116 50000.000123 50000.000130 50000.000137 50000.000143 50000.000150 50000.000157 50000.000164 50000.000170 50000.000177 50000.000184 50000.000190 50000.000197 50000.000204 50000.000210 50000.000217 50000.000223 50000.000230 50000.000237 50000.000243 50000.000250 50000.000256 50000.000263 50000.000269 50000.000276 50000.000282 50000.000289 50000.000295 50000.000301 50000.000308 50000.000314 50000.000320 50000.000327 50000.000333 50000.000339 50000.000346 50000.000352 50000.000358 50000.000364 50000.000370 50000.000376 50000.000383 50000.000389 50000.000395 50000.000401 50000.000407 50000.000413 50000.000419 50000.000425 50000.000430 50000.000436 50000.000442 50000.000448 50000.000454 50000.000459 50000.000465 50000.000471 50000.000476 50000.000482 50000.000488 50000.000493 50000.000499 50000.000504 50000.000510 50000.000515 50000.000520 50000.000526 50000.000531 50000.000536 50000.000542 50000.000547 50000.000552 50000.000557 50000.000562 50000.000567 50000.000572 50000.000577 50000.000582 50000.000587 50000.000592 50000.000597 50000.000601 50000.000606 50000.000611 50000.000616 50000.000620 50000.000625 50000.000629 50000.000634 50000.000638 50000.000643 50000.000647 50000.000651 50000.000656 50000.000660 50000.000664 50000.000668 50000.000672 50000.000676 50000.000680 50000.000684 50000.000688 50000.000692 50000.000696 50000.000700 50000.000703 50000.000707 50000.000711 50000.000714 50000.000718 50000.000721 50000.000725 50000.000728 50000.000731 50000.000735 50000.000738 50000.000741 50000.000744 50000.000747 50000.000751 50000.000754 50000.000756 50000.000759 50000.000762 50000.000765 50000.000768 50000.000770 50000.000773 50000.000776 50000.000778 50000.000781 50000.000783 50000.000786 50000.000788 50000.000790 50000.000792 50000.000795 50000.000797 50000.000799 50000.000801 50000.000803 50000.000805 50000.000806 50000.000808 50000.000810 50000.000812 50000.000813 50000.000815 50000.000816 50000.000818 50000.000819 50000.000821 50000.000822 50000.000823 50000.000824 50000.000826 50000.000827 50000.000828 50000.000829 50000.000830 50000.000830 50000.000831 50000.000832 50000.000833 50000.000833 50000.000834 50000.000834 50000.000835 50000.000835 50000.000836 50000.000836 50000.000836 50000.000836 50000.000837 50000.000837 
 gpu diagonal elements of u (4000 steps)
-0.000084 -0.000251 -0.000418 -0.000586 -0.000753 -0.000920 -0.001087 -0.001254 -0.001421 -0.001588 -0.001755 -0.001921 -0.002088 -0.002254 -0.002420 -0.002586 -0.002752 -0.002918 -0.003083 -0.003249 -0.003414 -0.003578 -0.003743 -0.003907 -0.004071 -0.004235 -0.004399 -0.004562 -0.004725 -0.004887 -0.005050 -0.005211 -0.005373 -0.005534 -0.005695 -0.005855 -0.006015 -0.006175 -0.006334 -0.006493 -0.006651 -0.006809 -0.006967 -0.007124 -0.007280 -0.007436 -0.007592 -0.007747 -0.007901 -0.008055 -0.008208 -0.008361 -0.008513 -0.008665 -0.008816 -0.008967 -0.009117 -0.009266 -0.009415 -0.009563 -0.009710 -0.009857 -0.010003 -0.010148 -0.010293 -0.010437 -0.010581 -0.010723 -0.010865 -0.011006 -0.011147 -0.011286 -0.011425 -0.011564 -0.011701 -0.011838 -0.011973 -0.012108 -0.012243 -0.012376 -0.012509 -0.012640 -0.012771 -0.012901 -0.013030 -0.013158 -0.013286 -0.013412 -0.013538 -0.013663 -0.013786 -0.013909 -0.014031 -0.014152 -0.014272 -0.014391 -0.014509 -0.014626 -0.014742 -0.014857 -0.014972 -0.015085 -0.015197 -0.015308 -0.015418 -0.015527 -0.015635 -0.015742 -0.015848 -0.015953 -0.016056 -0.016159 -0.016261 -0.016361 -0.016461 -0.016559 -0.016656 -0.016752 -0.016847 -0.016941 -0.017034 -0.017125 -0.017216 -0.017305 -0.017393 -0.017480 -0.017566 -0.017650 -0.017733 -0.017816 -0.017897 -0.017976 -0.018055 -0.018132 -0.018208 -0.018283 -0.018357 -0.018430 -0.018501 -0.018571 -0.018640 -0.018707 -0.018773 -0.018838 -0.018902 -0.018964 -0.019026 -0.019086 -0.019144 -0.019201 -0.019258 -0.019312 -0.019366 -0.019418 -0.019469 -0.019518 -0.019567 -0.019614 -0.019659 -0.019703 -0.019746 -0.019788 -0.019828 -0.019867 -0.019905 -0.019941 -0.019976 -0.020010 -0.020042 -0.020073 -0.020103 -0.020131 -0.020158 -0.020184 -0.020208 -0.020231 -0.020252 -0.020272 -0.020291 -0.020309 -0.020325 -0.020339 -0.020353 -0.020365 -0.020375 -0.020384 -0.020392 -0.020399 -0.020404 -0.020408 -0.020410 -0.020411 -0.020411 -0.020409 -0.020406 -0.020402 -0.020396 -0.020389 -0.020380 -0.020370 -0.020359 -0.020346 -0.020332 -0.020317 -0.020300 -0.020282 -0.020262 -0.020242 -0.020219 -0.020196 -0.020171 -0.020145 -0.020117 -0.020088 -0.020058 -0.020026 -0.019993 -0.019959 -0.019923 -0.019886 -0.019848 -0.019808 -0.019767 -0.019725 -0.019681 -0.019636 -0.019590 -0.019543 -0.019494 -0.019444 -0.019392 -0.019339 -0.019285 -0.019230 -0.019173 -0.019115 -0.019056 -0.018995 -0.018933 -0.018870 -0.018806 -0.018740 -0.018673 -0.018605 -0.018536 -0.018465 -0.018394 -0.018320 -0.018246 -0.018171 -0.018094 -0.018016 -0.017937 -0.017856 -0.017775 -0.017692 -0.017608 -0.017523 -0.017436 -0.017349 -0.017260 -0.017171 -0.017080 -0.016987 -0.016894 -0.016800 -0.016704 -0.016608 -0.016510 -0.016411 -0.016311 -0.016210 -0.016108 -0.016005 -0.015900 -0.015795 -0.015689 -0.015581 -0.015473 -0.015363 -0.015253 -0.015141 -0.015028 -0.014915 -0.014800 -0.014684 -0.014568 -0.014450 -0.014332 -0.014212 -0.014092 -0.013970 -0.013848 -0.013725 -0.013600 -0.013475 -0.013349 -0.013222 -0.013094 -0.012966 -0.012836 -0.012706 -0.012574 -0.012442 -0.012309 -0.012176 -0.012041 -0.011906 -0.011769 -0.011632 -0.011495 -0.011356 -0.011217 -0.011077 -0.010936 -0.010794 -0.010652 -0.010509 -0.010365 -0.010221 -0.010076 -0.009930 -0.009784 -0.009637 -0.009489 -0.009340 -0.009191 -0.009042 -0.008892 -0.008741 -0.008589 -0.008437 -0.008285 -0.008132 -0.007978 -0.007824 -0.007669 -0.007514 -0.007358 -0.007202 -0.007045 -0.006888 -0.006730 -0.006572 -0.006414 -0.006255 -0.006095 -0.005935 -0.005775 -0.005615 -0.005454 -0.005292 -0.005130 -0.004968 -0.004806 -0.004643 -0.004480 -0.004317 -0.004153 -0.003989 -0.003825 -0.003661 -0.003496 -0.003331 -0.003166 -0.003001 -0.002835 -0.002669 -0.002503 -0.002337 -0.002171 -0.002005 -0.001838 -0.001671 -0.001504 -0.001338 -0.001171 -0.001004 -0.000836 -0.000669 -0.000502 -0.000335 -0.000167 0.000000 0.000167 0.000335 0.000502 0.000669 0.000836 0.001004 0.001171 0.001338 0.001505 0.001672 0.001838 0.002005 0.002171 0.002338 0.002504 0.002670 0.002836 0.003002 0.003167 0.003332 0.003497 0.003662 0.003827 0.003991 0.004155 0.004319 0.004482 0.004645 0.004808 0.004971 0.005133 0.005295 0.005457 0.005618 0.005779 0.005939 0.006099 0.006259 0.006418 0.006577 0.006735 0.006893 0.007050 0.007207 0.007364 0.007520 0.007675 0.007830 0.007985 0.008139 0.008292 0.008445 0.008597 0.008749 0.008900 0.009050 0.009200 0.009350 0.009498 0.009646 0.009794 0.009941 0.010087 0.010232 0.010377 0.010521 0.010664 0.010807 0.010949 0.011090 0.011230 0.011370 0.011509 0.011647 0.011785 0.011921 0.012057 0.012192 0.012326 0.012460 0.012592 0.012724 0.012855 0.012985 0.013114 0.013242 0.013370 0.013496 0.013622 0.013746 0.013870 0.013993 0.014115 0.014236 0.014356 0.014475 0.014593 0.014710 0.014826 0.014941 0.015055 0.015168 0.015281 0.015392 0.015502 0.015611 0.015719 0.015826 0.015932 0.016036 0.016140 0.016243 0.016344 0.016445 0.016544 0.016643 0.016740 0.016836 0.016931 0.017025 0.017117 0.017209 0.017299 0.017388 0.017477 0.017563 0.017649 0.017734 0.017817 0.017899 0.017980 0.018060 0.018139 0.018216 0.018292 0.018367 0.018441 0.018513 0.018584 0.018654 0.018723 0.018791 0.018857 0.018922 0.018986 0.019048 0.019109 0.019169 0.019228 0.019285 0.019341 0.019396 0.019449 0.019502 0.019552 0.019602 0.019650 0.019697 0.019743 0.019787 0.019830 0.019872 0.019912 0.019951 0.019989 0.020025 0.020060 0.020094 0.020126 0.020157 0.020187 0.020215 0.020242 0.020267 0.020292 0.020314 0.020336 0.020356 0.020375 0.020392 0.020408 0.020423 0.020436 0.020448 0.020459 0.020468 0.020476 0.020483 0.020488 0.020491 0.020494 0.020495 0.020495 0.020493 0.020490 0.020485 0.020479 0.020472 0.020464 0.020454 0.020443 0.020430 0.020416 0.020400 0.020384 0.020366 0.020346 0.020325 0.020303 0.020280 0.020255 0.020228 0.020201 0.020172 0.020142 0.020110 0.020077 0.020043 0.020007 0.019970 0.019932 0.019892 0.019851 0.019809 0.019765 0.019720 0.019674 0.019626 0.019577 0.019527 0.019476 0.019423 0.019369 0.019313 0.019257 0.019199 0.019139 0.019079 0.019017 0.018954 0.018890 0.018824 0.018757 0.018689 0.018620 0.018549 0.018477 0.018404 0.018330 0.018254 0.018177 0.018100 0.018020 0.017940 0.017858 0.017776 0.017692 0.017606 0.017520 0.017433 0.017344 0.017254 0.017163 0.017071 0.016978 0.016884 0.016788 0.016691 0.016594 0.016495 0.016395 0.016294 0.016192 0.016088 0.015984 0.015879 0.015772 0.015665 0.015556 0.015447 0.015336 0.015225 0.015112 0.014998 0.014884 0.014768 0.014651 0.014534 0.014415 0.014296 0.014175 0.014054 0.013932 0.013808 0.013684 0.013559 0.013433 0.013306 0.013178 0.013049 0.012920 0.012789 0.012658 0.012526 0.012393 0.012259 0.012125 0.011989 0.011853 0.011716 0.011578 0.011440 0.011300 0.011160 0.011019 0.010878 0.010736 0.010593 0.010449 0.010305 0.010159 0.010014 0.009867 0.009720 0.009572 0.009424 0.009275 0.009125 0.008975 0.008824 0.008673 0.008521 0.008368 0.008215 0.008062 0.007908 0.007753 0.007598 0.007442 0.007286 0.007129 0.006972 0.006814 0.006656 0.006497 0.006338 0.006179 0.006019 0.005859 0.005698 0.005537 0.005376 0.005214 0.005052 0.004890 0.004727 0.004564 0.004401 0.004237 0.004073 0.003909 0.003744 0.003580 0.003415 0.003250 0.003084 0.002919 0.002753 0.002587 0.002421 0.002255 0.002088 0.001922 0.001755 0.001588 0.001421 0.001254 0.001087 0.000920 0.000753 0.000586 0.000418 0.000251 0.000084 -0.000084 -0.000251 -0.000418 -0.000586 -0.000753 -0.000920 -0.001087 -0.001254 -0.001421 -0.001588 -0.001755 -0.001921 -0.002088 -0.002254 -0.002420 -0.002586 -0.002752 -0.002918 -0.003083 -0.003249 -0.003414 -0.003578 -0.003743 -0.003907 -0.004071 -0.004235 -0.004399 -0.004562 -0.004725 -0.004887 -0.005050 -0.005211 -0.005373 -0.005534 -0.005695 -0.005855 -0.006015 -0.006175 -0.006334 -0.006493 -0.006651 -0.006809 -0.006967 -0.007124 -0.007280 -0.007436 -0.007592 -0.007747 -0.007901 -0.008055 -0.008208 -0.008361 -0.008513 -0.008665 -0.008816 -0.008967 -0.009117 -0.009266 -0.009415 -0.009563 -0.009710 -0.009857 -0.010003 -0.010148 -0.010293 -0.010437 -0.010581 -0.010723 -0.010865 -0.011006 -0.011147 -0.011286 -0.011425 -0.011564 -0.011701 -0.011838 -0.011973 -0.012108 -0.012243 -0.012376 -0.012509 -0.012640 -0.012771 -0.012901 -0.013030 -0.013158 -0.013286 -0.013412 -0.013538 -0.013663 -0.013786 -0.013909 -0.014031 -0.014152 -0.014272 -0.014391 -0.014509 -0.014626 -0.014742 -0.014858 -0.014972 -0.015085 -0.015197 -0.015308 -0.015418 -0.015527 -0.015635 -0.015742 -0.015848 -0.015953 -0.016057 -0.016159 -0.016261 -0.016361 -0.016461 -0.016559 -0.016656 -0.016752 -0.016847 -0.016941 -0.017034 -0.017125 -0.017216 -0.017305 -0.017393 -0.017480 -0.017566 -0.017650 -0.017733 -0.017816 -0.017897 -0.017976 -0.018055 -0.018132 -0.018208 -0.018283 -0.018357 -0.018430 -0.018501 -0.018571 -0.018640 -0.018707 -0.018773 -0.018838 -0.018902 -0.018964 -0.019026 -0.019086 -0.019144 -0.019201 -0.019258 -0.019312 -0.019366 -0.019418 -0.019469 -0.019518 -0.019567 -0.019614 -0.019659 -0.019703 -0.019746 -0.019788 -0.019828 -0.019867 -0.019905 -0.019941 -0.019976 -0.020010 -0.020042 -0.020073 -0.020103 -0.020131 -0.020158 -0.020184 -0.020208 -0.020231 -0.020252 -0.020272 -0.020291 -0.020309 -0.020325 -0.020339 -0.020353 -0.020365 -0.020375 -0.020385 -0.020392 -0.020399 -0.020404 -0.020408 -0.020410 -0.020411 -0.020411 -0.020409 -0.020406 -0.020402 -0.020396 -0.020389 -0.020380 -0.020370 -0.020359 -0.020346 -0.020332 -0.020317 -0.020300 -0.020282 -0.020262 -0.020242 -0.020219 -0.020196 -0.020171 -0.020145 -0.020117 -0.020088 -0.020058 -0.020026 -0.019993 -0.019959 -0.019923 -0.019886 -0.019848 -0.019808 -0.019767 -0.019725 -0.019681 -0.019636 -0.019590 -0.019543 -0.019494 -0.019444 -0.019392 -0.019339 -0.019285 -0.019230 -0.019173 -0.019115 -0.019056 -0.018995 -0.018933 -0.018870 -0.018806 -0.018740 -0.018673 -0.018605 -0.018536 -0.018465 -0.018394 -0.018320 -0.018246 -0.018171 -0.018094 -0.018016 -0.017937 -0.017856 -0.017775 -0.017692 -0.017608 -0.017523 -0.017436 -0.017349 -0.017260 -0.017171 -0.017080 -0.016987 -0.016894 -0.016800 -0.016704 -0.016608 -0.016510 -0.016411 -0.016311 -0.016210 -0.016108 -0.016005 -0.015900 -0.015795 -0.015689 -0.015581 -0.015473 -0.015363 -0.015253 -0.015141 -0.015028 -0.014915 -0.014800 -0.014684 -0.014568 -0.014450 -0.014332 -0.014212 -0.014092 -0.013970 -0.013848 -0.013725 -0.013600 -0.013475 -0.013349 -0.013222 -0.013094 -0.012966 -0.012836 -0.012706 -0.012574 -0.012442 -0.012309 -0.012176 -0.012041 -0.011906 -0.011769 -0.011632 -0.011495 -0.011356 -0.011217 -0.011077 -0.010936 -0.010794 -0.010652 -0.010509 -0.010365 -0.010221 -0.010076 -0.009930 -0.009784 -0.009637 -0.009489 -0.009340 -0.009191 -0.009042 -0.008892 -0.008741 -0.008589 -0.008437 -0.008285 -0.008132 -0.007978 -0.007824 -0.007669 -0.007514 -0.007358 -0.007202 -0.007045 -0.006888 -0.006730 -0.006572 -0.006414 -0.006255 -0.006095 -0.005935 -0.005775 -0.005615 -0.005454 -0.005292 -0.005130 -0.004968 -0.004806 -0.004643 -0.004480 -0.004317 -0.004153 -0.003989 -0.003825 -0.003661 -0.003496 -0.003331 -0.003166 -0.003001 -0.002835 -0.002669 -0.002503 -0.002337 -0.002171 -0.002005 -0.001838 -0.001671 -0.001504 -0.001338 -0.001171 -0.001004 -0.000836 -0.000669 -0.000502 -0.000335 -0.000167 0.000000 0.000167 0.000335 0.000502 0.000669 0.000836 0.001004 0.001171 0.001338 0.001505 0.001672 0.001838 0.002005 0.002171 0.002338 0.002504 0.002670 0.002836 0.003002 0.003167 0.003332 0.003497 0.003662 0.003827 0.003991 0.004155 0.004319 0.004482 0.004645 0.004808 0.004971 0.005133 0.005295 0.005457 0.005618 0.005779 0.005939 0.006099 0.006259 0.006418 0.006577 0.006735 0.006893 0.007050 0.007207 0.007364 0.007520 0.007675 0.007830 0.007985 0.008139 0.008292 0.008445 0.008597 0.008749 0.008900 0.009050 0.009200 0.009350 0.009498 0.009646 0.009794 0.009941 0.010087 0.010232 0.010377 0.010521 0.010664 0.010807 0.010949 0.011090 0.011230 0.011370 0.011509 0.011647 0.011785 0.011921 0.012057 0.012192 0.012326 0.012460 0.012592 0.012724 0.012855 0.012985 0.013114 0.013242 0.013370 0.013496 0.013622 0.013746 0.013870 0.013993 0.014115 0.014236 0.014356 0.014475 0.014593 0.014710 0.014826 0.014941 0.015055 0.015168 0.015281 0.015392 0.015502 0.015611 0.015719 0.015826 0.015932 0.016036 0.016140 0.016243 0.016344 0.016445 0.016544 0.016643 0.016740 0.016836 0.016931 0.017025 0.017117 0.017209 0.017299 0.017388 0.017477 0.017563 0.017649 0.017734 0.017817 0.017899 0.017980 0.018060 0.018139 0.018216 0.018292 0.018367 0.018441 0.018513 0.018584 0.018654 0.018723 0.018791 0.018857 0.018922 0.018986 0.019048 0.019109 0.019169 0.019228 0.019285 0.019341 0.019396 0.019449 0.019502 0.019552 0.019602 0.019650 0.019697 0.019743 0.019787 0.019830 0.019872 0.019912 0.019951 0.019989 0.020025 0.020060 0.020094 0.020126 0.020157 0.020187 0.020215 0.020242 0.020267 0.020292 0.020314 0.020336 0.020356 0.020375 0.020392 0.020408 0.020423 0.020436 0.020448 0.020459 0.020468 0.020476 0.020483 0.020488 0.020491 0.020494 0.020495 0.020495 0.020493 0.020490 0.020485 0.020479 0.020472 0.020464 0.020454 0.020443 0.020430 0.020416 0.020400 0.020384 0.020366 0.020346 0.020325 0.020303 0.020280 0.020255 0.020228 0.020201 0.020172 0.020142 0.020110 0.020077 0.020043 0.020007 0.019970 0.019932 0.019892 0.019851 0.019809 0.019765 0.019720 0.019674 0.019626 0.019577 0.019527 0.019476 0.019423 0.019369 0.019313 0.019257 0.019199 0.019139 0.019079 0.019017 0.018954 0.018890 0.018824 0.018757 0.018689 0.018620 0.018549 0.018477 0.018404 0.018330 0.018254 0.018177 0.018100 0.018020 0.017940 0.017858 0.017776 0.017692 0.017606 0.017520 0.017433 0.017344 0.017254 0.017163 0.017071 0.016978 0.016884 0.016788 0.016691 0.016594 0.016495 0.016395 0.016294 0.016192 0.016088 0.015984 0.015879 0.015772 0.015665 0.015556 0.015447 0.015336 0.015225 0.015112 0.014998 0.014884 0.014768 0.014651 0.014534 0.014415 0.014296 0.014175 0.014054 0.013932 0.013808 0.013684 0.013559 0.013433 0.013306 0.013178 0.013049 0.012920 0.012789 0.012658 0.012526 0.012393 0.012259 0.012125 0.011989 0.011853 0.011716 0.011578 0.011440 0.011300 0.011160 0.011019 0.010878 0.010736 0.010593 0.010449 0.010305 0.010159 0.010014 0.009867 0.009720 0.009572 0.009424 0.009275 0.009125 0.008975 0.008824 0.008673 0.008521 0.008368 0.008215 0.008062 0.007908 0.007753 0.007598 0.007442 0.007286 0.007129 0.006972 0.006814 0.006656 0.006497 0.006338 0.006179 0.006019 0.005859 0.005698 0.005537 0.005376 0.005214 0.005052 0.004890 0.004727 0.004564 0.004401 0.004237 0.004073 0.003909 0.003744 0.003580 0.003415 0.003250 0.003084 0.002919 0.002753 0.002587 0.002421 0.002255 0.002088 0.001922 0.001755 0.001588 0.001421 0.001254 0.001087 0.000920 0.000753 0.000586 0.000418 0.000251 0.000084 
 gpu diagonal elements of v (4000 step)
0.000084 0.000251 0.000418 0.000586 0.000753 0.000920 0.001087 0.001254 0.001421 0.001588 0.001755 0.001921 0.002088 0.002254 0.002420 0.002586 0.002752 0.002918 0.003083 0.003249 0.003414 0.003578 0.003743 0.003907 0.004071 0.004235 0.004399 0.004562 0.004725 0.004887 0.005049 0.005211 0.005373 0.005534 0.005695 0.005855 0.006015 0.006175 0.006334 0.006493 0.006651 0.006809 0.006967 0.007124 0.007280 0.007436 0.007592 0.007747 0.007901 0.008055 0.008208 0.008361 0.008513 0.008665 0.008816 0.008967 0.009117 0.009266 0.009415 0.009563 0.009710 0.009857 0.010003 0.010148 0.010293 0.010437 0.010581 0.010723 0.010865 0.011006 0.011147 0.011286 0.011425 0.011564 0.011701 0.011838 0.011973 0.012108 0.012243 0.012376 0.012509 0.012640 0.012771 0.012901 0.013030 0.013158 0.013286 0.013412 0.013538 0.013663 0.013786 0.013909 0.014031 0.014152 0.014272 0.014391 0.014509 0.014626 0.014742 0.014857 0.014972 0.015085 0.015197 0.015308 0.015418 0.015527 0.015635 0.015742 0.015848 0.015953 0.016056 0.016159 0.016261 0.016361 0.016461 0.016559 0.016656 0.016752 0.016847 0.016941 0.017034 0.017125 0.017216 0.017305 0.017393 0.017480 0.017566 0.017650 0.017733 0.017816 0.017897 0.017976 0.018055 0.018132 0.018208 0.018283 0.018357 0.018430 0.018501 0.018571 0.018640 0.018707 0.018773 0.018838 0.018902 0.018964 0.019026 0.019086 0.019144 0.019201 0.019258 0.019312 0.019366 0.019418 0.019469 0.019518 0.019567 0.019614 0.019659 0.019703 0.019746 0.019788 0.019828 0.019867 0.019905 0.019941 0.019976 0.020010 0.020042 0.020073 0.020103 0.020131 0.020158 0.020184 0.020208 0.020231 0.020252 0.020272 0.020291 0.020309 0.020325 0.020339 0.020353 0.020365 0.020375 0.020384 0.020392 0.020399 0.020404 0.020408 0.020410 0.020411 0.020411 0.020409 0.020406 0.020402 0.020396 0.020389 0.020380 0.020370 0.020359 0.020346 0.020332 0.020317 0.020300 0.020282 0.020262 0.020242 0.020219 0.020196 0.020171 0.020145 0.020117 0.020088 0.020058 0.020026 0.019993 0.019959 0.019923 0.019886 0.019848 0.019808 0.019767 0.019725 0.019681 0.019636 0.019590 0.019543 0.019494 0.019444 0.019392 0.019339 0.019285 0.019230 0.019173 0.019115 0.019056 0.018995 0.018933 0.018870 0.018806 0.018740 0.018673 0.018605 0.018536 0.018465 0.018394 0.018320 0.018246 0.018171 0.018094 0.018016 0.017937 0.017856 0.017775 0.017692 0.017608 0.017523 0.017436 0.017349 0.017260 0.017171 0.017080 0.016987 0.016894 0.016800 0.016704 0.016608 0.016510 0.016411 0.016311 0.016210 0.016108 0.016005 0.015900 0.015795 0.015689 0.015581 0.015473 0.015363 0.015253 0.015141 0.015028 0.014915 0.014800 0.014684 0.014568 0.014450 0.014332 0.014212 0.014092 0.013970 0.013848 0.013725 0.013600 0.013475 0.013349 0.013222 0.013094 0.012966 0.012836 0.012706 0.012574 0.012442 0.012309 0.012176 0.012041 0.011906 0.011769 0.011632 0.011495 0.011356 0.011217 0.011077 0.010936 0.010794 0.010652 0.010509 0.010365 0.010221 0.010076 0.009930 0.009784 0.009637 0.009489 0.009340 0.009191 0.009042 0.008892 0.008741 0.008589 0.008437 0.008285 0.008132 0.007978 0.007824 0.007669 0.007514 0.007358 0.007202 0.007045 0.006888 0.006730 0.006572 0.006414 0.006255 0.006095 0.005935 0.005775 0.005615 0.005454 0.005292 0.005130 0.004968 0.004806 0.004643 0.004480 0.004317 0.004153 0.003989 0.003825 0.003661 0.003496 0.003331 0.003166 0.003001 0.002835 0.002669 0.002503 0.002337 0.002171 0.002005 0.001838 0.001671 0.001505 0.001338 0.001171 0.001004 0.000836 0.000669 0.000502 0.000335 0.000167 0.000000 -0.000167 -0.000335 -0.000502 -0.000669 -0.000836 -0.001004 -0.001171 -0.001338 -0.001505 -0.001672 -0.001838 -0.002005 -0.002171 -0.002338 -0.002504 -0.002670 -0.002836 -0.003002 -0.003167 -0.003332 -0.003497 -0.003662 -0.003827 -0.003991 -0.004155 -0.004319 -0.004482 -0.004645 -0.004808 -0.004971 -0.005133 -0.005295 -0.005457 -0.005618 -0.005779 -0.005939 -0.006099 -0.006259 -0.006418 -0.006577 -0.006735 -0.006893 -0.007050 -0.007207 -0.007364 -0.007520 -0.007675 -0.007830 -0.007985 -0.008139 -0.008292 -0.008445 -0.008597 -0.008749 -0.008900 -0.009050 -0.009200 -0.009350 -0.009498 -0.009646 -0.009794 -0.009941 -0.010087 -0.010232 -0.010377 -0.010521 -0.010664 -0.010807 -0.010949 -0.011090 -0.011230 -0.011370 -0.011509 -0.011647 -0.011785 -0.011921 -0.012057 -0.012192 -0.012326 -0.012460 -0.012592 -0.012724 -0.012855 -0.012985 -0.013114 -0.013242 -0.013370 -0.013496 -0.013622 -0.013746 -0.013870 -0.013993 -0.014115 -0.014236 -0.014356 -0.014475 -0.014593 -0.014710 -0.014826 -0.014941 -0.015055 -0.015168 -0.015281 -0.015392 -0.015502 -0.015611 -0.015719 -0.015826 -0.015932 -0.016036 -0.016140 -0.016243 -0.016344 -0.016445 -0.016544 -0.016643 -0.016740 -0.016836 -0.016931 -0.017025 -0.017117 -0.017209 -0.017299 -0.017388 -0.017477 -0.017563 -0.017649 -0.017734 -0.017817 -0.017899 -0.017980 -0.018060 -0.018139 -0.018216 -0.018292 -0.018367 -0.018441 -0.018513 -0.018584 -0.018654 -0.018723 -0.018791 -0.018857 -0.018922 -0.018986 -0.019048 -0.019109 -0.019169 -0.019228 -0.019285 -0.019341 -0.019396 -0.019449 -0.019502 -0.019552 -0.019602 -0.019650 -0.019697 -0.019743 -0.019787 -0.019830 -0.019872 -0.019912 -0.019951 -0.019989 -0.020025 -0.020060 -0.020094 -0.020126 -0.020157 -0.020187 -0.020215 -0.020242 -0.020267 -0.020292 -0.020314 -0.020336 -0.020356 -0.020375 -0.020392 -0.020408 -0.020423 -0.020436 -0.020448 -0.020459 -0.020468 -0.020476 -0.020483 -0.020488 -0.020491 -0.020494 -0.020495 -0.020495 -0.020493 -0.020490 -0.020485 -0.020479 -0.020472 -0.020464 -0.020454 -0.020443 -0.020430 -0.020416 -0.020400 -0.020384 -0.020366 -0.020346 -0.020325 -0.020303 -0.020280 -0.020255 -0.020228 -0.020201 -0.020172 -0.020142 -0.020110 -0.020077 -0.020043 -0.020007 -0.019970 -0.019932 -0.019892 -0.019851 -0.019809 -0.019765 -0.019720 -0.019674 -0.019626 -0.019577 -0.019527 -0.019476 -0.019423 -0.019369 -0.019313 -0.019257 -0.019199 -0.019139 -0.019079 -0.019017 -0.018954 -0.018890 -0.018824 -0.018757 -0.018689 -0.018620 -0.018549 -0.018477 -0.018404 -0.018330 -0.018254 -0.018177 -0.018100 -0.018020 -0.017940 -0.017858 -0.017776 -0.017692 -0.017606 -0.017520 -0.017433 -0.017344 -0.017254 -0.017163 -0.017071 -0.016978 -0.016884 -0.016788 -0.016691 -0.016594 -0.016495 -0.016395 -0.016294 -0.016192 -0.016088 -0.015984 -0.015879 -0.015772 -0.015665 -0.015556 -0.015447 -0.015336 -0.015225 -0.015112 -0.014998 -0.014884 -0.014768 -0.014651 -0.014534 -0.014415 -0.014296 -0.014175 -0.014054 -0.013932 -0.013808 -0.013684 -0.013559 -0.013433 -0.013306 -0.013178 -0.013049 -0.012920 -0.012789 -0.012658 -0.012526 -0.012393 -0.012259 -0.012125 -0.011989 -0.011853 -0.011716 -0.011578 -0.011440 -0.011300 -0.011160 -0.011019 -0.010878 -0.010736 -0.010593 -0.010449 -0.010305 -0.010159 -0.010014 -0.009867 -0.009720 -0.009572 -0.009424 -0.009275 -0.009125 -0.008975 -0.008824 -0.008673 -0.008521 -0.008368 -0.008215 -0.008062 -0.007908 -0.007753 -0.007598 -0.007442 -0.007286 -0.007129 -0.006972 -0.006814 -0.006656 -0.006497 -0.006338 -0.006179 -0.006019 -0.005859 -0.005698 -0.005537 -0.005376 -0.005214 -0.005052 -0.004890 -0.004727 -0.004564 -0.004401 -0.004237 -0.004073 -0.003909 -0.003744 -0.003580 -0.003415 -0.003250 -0.003084 -0.002919 -0.002753 -0.002587 -0.002421 -0.002255 -0.002088 -0.001922 -0.001755 -0.001588 -0.001421 -0.001254 -0.001087 -0.000920 -0.000753 -0.000586 -0.000418 -0.000251 -0.000084 0.000084 0.000251 0.000418 0.000586 0.000753 0.000920 0.001087 0.001254 0.001421 0.001588 0.001755 0.001921 0.002088 0.002254 0.002420 0.002586 0.002752 0.002918 0.003083 0.003249 0.003414 0.003578 0.003743 0.003907 0.004071 0.004235 0.004399 0.004562 0.004725 0.004887 0.005049 0.005211 0.005373 0.005534 0.005695 0.005855 0.006015 0.006175 0.006334 0.006493 0.006651 0.006809 0.006967 0.007124 0.007280 0.007436 0.007592 0.007747 0.007901 0.008055 0.008208 0.008361 0.008513 0.008665 0.008816 0.008967 0.009117 0.009266 0.009415 0.009563 0.009710 0.009857 0.010003 0.010148 0.010293 0.010437 0.010581 0.010723 0.010865 0.011006 0.011147 0.011286 0.011425 0.011564 0.011701 0.011838 0.011973 0.012108 0.012243 0.012376 0.012509 0.012640 0.012771 0.012901 0.013030 0.013158 0.013286 0.013412 0.013538 0.013663 0.013786 0.013909 0.014031 0.014152 0.014272 0.014391 0.014509 0.014626 0.014742 0.014857 0.014972 0.015085 0.015197 0.015308 0.015418 0.015527 0.015635 0.015742 0.015848 0.015953 0.016056 0.016159 0.016261 0.016361 0.016461 0.016559 0.016656 0.016752 0.016847 0.016941 0.017034 0.017125 0.017216 0.017305 0.017393 0.017480 0.017566 0.017650 0.017733 0.017816 0.017897 0.017976 0.018055 0.018132 0.018208 0.018283 0.018357 0.018430 0.018501 0.018571 0.018640 0.018707 0.018773 0.018838 0.018902 0.018964 0.019026 0.019086 0.019144 0.019201 0.019258 0.019312 0.019366 0.019418 0.019469 0.019518 0.019567 0.019614 0.019659 0.019703 0.019746 0.019788 0.019828 0.019867 0.019905 0.019941 0.019976 0.020010 0.020042 0.020073 0.020103 0.020131 0.020158 0.020184 0.020208 0.020231 0.020252 0.020272 0.020291 0.020309 0.020325 0.020339 0.020353 0.020365 0.020375 0.020385 0.020392 0.020399 0.020404 0.020408 0.020410 0.020411 0.020411 0.020409 0.020406 0.020402 0.020396 0.020389 0.020380 0.020370 0.020359 0.020346 0.020332 0.020317 0.020300 0.020282 0.020262 0.020242 0.020219 0.020196 0.020171 0.020145 0.020117 0.020088 0.020058 0.020026 0.019993 0.019959 0.019923 0.019886 0.019848 0.019808 0.019767 0.019725 0.019681 0.019636 0.019590 0.019543 0.019494 0.019444 0.019392 0.019339 0.019285 0.019230 0.019173 0.019115 0.019056 0.018995 0.018933 0.018870 0.018806 0.018740 0.018673 0.018605 0.018536 0.018465 0.018394 0.018320 0.018246 0.018171 0.018094 0.018016 0.017937 0.017856 0.017775 0.017692 0.017608 0.017523 0.017436 0.017349 0.017260 0.017171 0.017080 0.016987 0.016894 0.016800 0.016704 0.016608 0.016510 0.016411 0.016311 0.016210 0.016108 0.016005 0.015900 0.015795 0.015689 0.015581 0.015473 0.015363 0.015253 0.015141 0.015028 0.014915 0.014800 0.014684 0.014568 0.014450 0.014332 0.014212 0.014092 0.013970 0.013848 0.013725 0.013600 0.013475 0.013349 0.013222 0.013094 0.012966 0.012836 0.012706 0.012574 0.012442 0.012309 0.012176 0.012041 0.011906 0.011769 0.011632 0.011495 0.011356 0.011217 0.011077 0.010936 0.010794 0.010652 0.010509 0.010365 0.010221 0.010076 0.009930 0.009784 0.009637 0.009489 0.009340 0.009191 0.009042 0.008892 0.008741 0.008589 0.008437 0.008285 0.008132 0.007978 0.007824 0.007669 0.007514 0.007358 0.007202 0.007045 0.006888 0.006730 0.006572 0.006414 0.006255 0.006095 0.005935 0.005775 0.005615 0.005454 0.005292 0.005130 0.004968 0.004806 0.004643 0.004480 0.004317 0.004153 0.003989 0.003825 0.003661 0.003496 0.003331 0.003166 0.003001 0.002835 0.002669 0.002503 0.002337 0.002171 0.002005 0.001838 0.001671 0.001505 0.001338 0.001171 0.001004 0.000836 0.000669 0.000502 0.000335 0.000167 0.000000 -0.000167 -0.000335 -0.000502 -0.000669 -0.000836 -0.001004 -0.001171 -0.001338 -0.001505 -0.001672 -0.001838 -0.002005 -0.002171 -0.002338 -0.002504 -0.002670 -0.002836 -0.003002 -0.003167 -0.003332 -0.003497 -0.003662 -0.003827 -0.003991 -0.004155 -0.004319 -0.004482 -0.004645 -0.004808 -0.004971 -0.005133 -0.005295 -0.005457 -0.005618 -0.005779 -0.005939 -0.006099 -0.006259 -0.006418 -0.006577 -0.006735 -0.006893 -0.007050 -0.007207 -0.007364 -0.007520 -0.007675 -0.007830 -0.007985 -0.008139 -0.008292 -0.008445 -0.008597 -0.008749 -0.008900 -0.009050 -0.009200 -0.009350 -0.009498 -0.009646 -0.009794 -0.009941 -0.010087 -0.010232 -0.010377 -0.010521 -0.010664 -0.010807 -0.010949 -0.011090 -0.011230 -0.011370 -0.011509 -0.011647 -0.011785 -0.011921 -0.012057 -0.012192 -0.012326 -0.012460 -0.012592 -0.012724 -0.012855 -0.012985 -0.013114 -0.013242 -0.013370 -0.013496 -0.013622 -0.013746 -0.013870 -0.013993 -0.014115 -0.014236 -0.014356 -0.014475 -0.014593 -0.014710 -0.014826 -0.014941 -0.015055 -0.015168 -0.015281 -0.015392 -0.015502 -0.015611 -0.015719 -0.015826 -0.015932 -0.016036 -0.016140 -0.016243 -0.016344 -0.016445 -0.016544 -0.016643 -0.016740 -0.016836 -0.016931 -0.017025 -0.017117 -0.017209 -0.017299 -0.017388 -0.017477 -0.017563 -0.017649 -0.017734 -0.017817 -0.017899 -0.017980 -0.018060 -0.018139 -0.018216 -0.018292 -0.018367 -0.018441 -0.018513 -0.018584 -0.018654 -0.018723 -0.018791 -0.018857 -0.018922 -0.018986 -0.019048 -0.019109 -0.019169 -0.019228 -0.019285 -0.019341 -0.019396 -0.019449 -0.019502 -0.019552 -0.019602 -0.019650 -0.019697 -0.019743 -0.019787 -0.019830 -0.019872 -0.019912 -0.019951 -0.019989 -0.020025 -0.020060 -0.020094 -0.020126 -0.020157 -0.020187 -0.020215 -0.020242 -0.020267 -0.020292 -0.020314 -0.020336 -0.020356 -0.020375 -0.020392 -0.020408 -0.020423 -0.020436 -0.020448 -0.020459 -0.020468 -0.020476 -0.020483 -0.020488 -0.020491 -0.020494 -0.020495 -0.020495 -0.020493 -0.020490 -0.020485 -0.020479 -0.020472 -0.020464 -0.020454 -0.020443 -0.020430 -0.020416 -0.020400 -0.020384 -0.020366 -0.020346 -0.020325 -0.020303 -0.020280 -0.020255 -0.020228 -0.020201 -0.020172 -0.020142 -0.020110 -0.020077 -0.020043 -0.020007 -0.019970 -0.019932 -0.019892 -0.019851 -0.019809 -0.019765 -0.019720 -0.019674 -0.019626 -0.019577 -0.019527 -0.019476 -0.019423 -0.019369 -0.019313 -0.019257 -0.019199 -0.019139 -0.019079 -0.019017 -0.018954 -0.018890 -0.018824 -0.018757 -0.018689 -0.018620 -0.018549 -0.018477 -0.018404 -0.018330 -0.018254 -0.018177 -0.018100 -0.018020 -0.017940 -0.017858 -0.017776 -0.017692 -0.017606 -0.017520 -0.017433 -0.017344 -0.017254 -0.017163 -0.017071 -0.016978 -0.016884 -0.016788 -0.016691 -0.016594 -0.016495 -0.016395 -0.016294 -0.016192 -0.016088 -0.015984 -0.015879 -0.015772 -0.015665 -0.015556 -0.015447 -0.015336 -0.015225 -0.015112 -0.014998 -0.014884 -0.014768 -0.014651 -0.014534 -0.014415 -0.014296 -0.014175 -0.014054 -0.013932 -0.013808 -0.013684 -0.013559 -0.013433 -0.013306 -0.013178 -0.013049 -0.012920 -0.012789 -0.012658 -0.012526 -0.012393 -0.012259 -0.012125 -0.011989 -0.011853 -0.011716 -0.011578 -0.011440 -0.011300 -0.011160 -0.011019 -0.010878 -0.010736 -0.010593 -0.010449 -0.010305 -0.010159 -0.010014 -0.009867 -0.009720 -0.009572 -0.009424 -0.009275 -0.009125 -0.008975 -0.008824 -0.008673 -0.008521 -0.008368 -0.008215 -0.008062 -0.007908 -0.007753 -0.007598 -0.007442 -0.007286 -0.007129 -0.006972 -0.006814 -0.006656 -0.006497 -0.006338 -0.006179 -0.006019 -0.005859 -0.005698 -0.005537 -0.005376 -0.005214 -0.005052 -0.004890 -0.004727 -0.004564 -0.004401 -0.004237 -0.004073 -0.003909 -0.003744 -0.003580 -0.003415 -0.003250 -0.003084 -0.002919 -0.002753 -0.002587 -0.002421 -0.002255 -0.002088 -0.001922 -0.001755 -0.001588 -0.001421 -0.001254 -0.001087 -0.000920 -0.000753 -0.000586 -0.000418 -0.000251 -0.000084 

 cycle number 3999 total computer time 4.632744, time per cycle 0.001158
 time (usec/step) 4.693423 and mflops 32674282.367721
 time (usec/step) 1055.195799 and mbps 139.833764
end file output complete
