Kokkos::OpenMP::initialize WARNING: OMP_PROC_BIND environment variable not set
  In general, for best performance with OpenMP 4.0 or better set OMP_PROC_BIND=spread and OMP_PLACES=threads
  For best performance with OpenMP 3.1 set OMP_PROC_BIND=true
  For unit testing set OMP_PROC_BIND=false
init file output complete
run complete...
model time (sec) = 360000
 gpu cycle number 3999 model time in hours 100.000000


 gpu diagonal elements of p (4000 steps)
50000.000471 50000.000471 50000.000471 50000.000470 50000.000470 50000.000470 50000.000470 50000.000470 50000.000470 50000.000470 50000.000470 50000.000469 50000.000469 50000.000469 50000.000469 50000.000468 50000.000468 50000.000468 50000.000467 50000.000467 50000.000467 50000.000466 50000.000466 50000.000466 50000.000465 50000.000465 50000.000464 50000.000464 50000.000463 50000.000463 50000.000462 50000.000462 50000.000461 50000.000461 50000.000460 50000.000459 50000.000459 50000.000458 50000.000457 50000.000457 50000.000456 50000.000455 50000.000454 50000.000454 50000.000453 50000.000452 50000.000451 50000.000451 50000.000450 50000.000449 50000.000448 50000.000447 50000.000446 50000.000445 50000.000444 50000.000443 50000.000442 50000.000441 50000.000440 50000.000439 50000.000438 50000.000437 50000.000436 50000.000435 50000.000434 50000.000433 50000.000432 50000.000431 50000.000429 50000.000428 50000.000427 50000.000426 50000.000424 50000.000423 50000.000422 50000.000421 50000.000419 50000.000418 50000.000417 50000.000415 50000.000414 50000.000413 50000.000411 50000.000410 50000.000408 50000.000407 50000.000405 50000.000404 50000.000403 50000.000401 50000.000399 50000.000398 50000.000396 50000.000395 50000.000393 50000.000392 50000.000390 50000.000388 50000.000387 50000.000385 50000.000383 50000.000382 50000.000380 50000.000378 50000.000377 50000.000375 50000.000373 50000.000371 50000.000370 50000.000368 50000.000366 50000.000364 50000.000362 50000.000361 50000.000359 50000.000357 50000.000355 50000.000353 50000.000351 50000.000349 50000.000347 50000.000345 50000.000343 50000.000341 50000.000339 50000.000337 50000.000335 50000.000333 50000.000331 50000.000329 50000.000327 50000.000325 50000.000323 50000.000321 50000.000319 50000.000317 50000.000314 50000.000312 50000.000310 50000.000308 50000.000306 50000.000303 50000.000301 50000.000299 50000.000297 50000.000295 50000.000292 50000.000290 50000.000288 50000.000285 50000.000283 50000.000281 50000.000279 50000.000276 50000.000274 50000.000272 50000.000269 50000.000267 50000.000264 50000.000262 50000.000260 50000.000257 50000.000255 50000.000252 50000.000250 50000.000247 50000.000245 50000.000243 50000.000240 50000.000238 50000.000235 50000.000233 50000.000230 50000.000227 50000.000225 50000.000222 50000.000220 50000.000217 50000.000215 50000.000212 50000.000210 50000.000207 50000.000204 50000.000202 50000.000199 50000.000197 50000.000194 50000.000191 50000.000189 50000.000186 50000.000183 50000.000181 50000.000178 50000.000175 50000.000173 50000.000170 50000.000167 50000.000165 50000.000162 50000.000159 50000.000156 50000.000154 50000.000151 50000.000148 50000.000145 50000.000143 50000.000140 50000.000137 50000.000134 50000.000132 50000.000129 50000.000126 50000.000123 50000.000121 50000.000118 50000.000115 50000.000112 50000.000109 50000.000107 50000.000104 50000.000101 50000.000098 50000.000095 50000.000092 50000.000090 50000.000087 50000.000084 50000.000081 50000.000078 50000.000075 50000.000073 50000.000070 50000.000067 50000.000064 50000.000061 50000.000058 50000.000055 50000.000053 50000.000050 50000.000047 50000.000044 50000.000041 50000.000038 50000.000035 50000.000032 50000.000030 50000.000027 50000.000024 50000.000021 50000.000018 50000.000015 50000.000012 50000.000009 50000.000006 50000.000004 50000.000001 49999.999998 49999.999995 49999.999992 49999.999989 49999.999986 49999.999983 49999.999980 49999.999978 49999.999975 49999.999972 49999.999969 49999.999966 49999.999963 49999.999960 49999.999957 49999.999955 49999.999952 49999.999949 49999.999946 49999.999943 49999.999940 49999.999937 49999.999934 49999.999932 49999.999929 49999.999926 49999.999923 49999.999920 49999.999917 49999.999914 49999.999912 49999.999909 49999.999906 49999.999903 49999.999900 49999.999898 49999.999895 49999.999892 49999.999889 49999.999886 49999.999883 49999.999881 49999.999878 49999.999875 49999.999872 49999.999870 49999.999867 49999.999864 49999.999861 49999.999858 49999.999856 49999.999853 49999.999850 49999.999848 49999.999845 49999.999842 49999.999839 49999.999837 49999.999834 49999.999831 49999.999829 49999.999826 49999.999823 49999.999821 49999.999818 49999.999815 49999.999813 49999.999810 49999.999807 49999.999805 49999.999802 49999.999799 49999.999797 49999.999794 49999.999792 49999.999789 49999.999786 49999.999784 49999.999781 49999.999779 49999.999776 49999.999774 49999.999771 49999.999769 49999.999766 49999.999764 49999.999761 49999.999759 49999.999756 49999.999754 49999.999751 49999.999749 49999.999746 49999.999744 49999.999741 49999.999739 49999.999737 49999.999734 49999.999732 49999.999730 49999.999727 49999.999725 49999.999723 49999.999720 49999.999718 49999.999716 49999.999713 49999.999711 49999.999709 49999.999706 49999.999704 49999.999702 49999.999700 49999.999697 49999.999695 49999.999693 49999.999691 49999.999689 49999.999687 49999.999684 49999.999682 49999.999680 49999.999678 49999.999676 49999.999674 49999.999672 49999.999670 49999.999668 49999.999666 49999.999664 49999.999662 49999.999660 49999.999658 49999.999656 49999.999654 49999.999652 49999.999650 49999.999648 49999.999646 49999.999644 49999.999642 49999.999640 49999.999638 49999.999637 49999.999635 49999.999633 49999.999631 49999.999629 49999.999628 49999.999626 49999.999624 49999.999622 49999.999621 49999.999619 49999.999617 49999.999616 49999.999614 49999.999612 49999.999611 49999.999609 49999.999607 49999.999606 49999.999604 49999.999603 49999.999601 49999.999600 49999.999598 49999.999597 49999.999595 49999.999594 49999.999592 49999.999591 49999.999589 49999.999588 49999.999587 49999.999585 49999.999584 49999.999583 49999.999581 49999.999580 49999.999579 49999.999577 49999.999576 49999.999575 49999.999574 49999.999572 49999.999571 49999.999570 49999.999569 49999.999568 49999.999567 49999.999565 49999.999564 49999.999563 49999.999562 49999.999561 49999.999560 49999.999559 49999.999558 49999.999557 49999.999556 49999.999555 49999.999554 49999.999553 49999.999552 49999.999552 49999.999551 49999.999550 49999.999549 49999.999548 49999.999547 49999.999547 49999.999546 49999.999545 49999.999544 49999.999544 49999.999543 49999.999542 49999.999542 49999.999541 49999.999540 49999.999540 49999.999539 49999.999539 49999.999538 49999.999537 49999.999537 49999.999536 49999.999536 49999.999535 49999.999535 49999.999535 49999.999534 49999.999534 49999.999533 49999.999533 49999.999533 49999.999532 49999.999532 49999.999532 49999.999531 49999.999531 49999.999531 49999.999531 49999.999530 49999.999530 49999.999530 49999.999530 49999.999530 49999.999530 49999.999530 49999.999530 49999.999529 49999.999529 49999.999529 49999.999529 49999.999529 49999.999529 49999.999529 49999.999530 49999.999530 49999.999530 49999.999530 49999.999530 49999.999530 49999.999530 49999.999530 49999.999531 49999.999531 49999.999531 49999.999531 49999.999532 49999.999532 49999.999532 49999.999533 49999.999533 49999.999533 49999.999534 49999.999534 49999.999534 49999.999535 49999.999535 49999.999536 49999.999536 49999.999537 49999.999537 49999.999538 49999.999538 49999.999539 49999.999539 49999.999540 49999.999541 49999.999541 49999.999542 49999.999543 49999.999543 49999.999544 49999.999545 49999.999546 49999.999546 49999.999547 49999.999548 49999.999549 49999.999549 49999.999550 49999.999551 49999.999552 49999.999553 49999.999554 49999.999555 49999.999556 49999.999557 49999.999558 49999.999559 49999.999560 49999.999561 49999.999562 49999.999563 49999.999564 49999.999565 49999.999566 49999.999567 49999.999568 49999.999569 49999.999571 49999.999572 49999.999573 49999.999574 49999.999576 49999.999577 49999.999578 49999.999579 49999.999581 49999.999582 49999.999583 49999.999585 49999.999586 49999.999587 49999.999589 49999.999590 49999.999592 49999.999593 49999.999595 49999.999596 49999.999597 49999.999599 49999.999601 49999.999602 49999.999604 49999.999605 49999.999607 49999.999608 49999.999610 49999.999612 49999.999613 49999.999615 49999.999617 49999.999618 49999.999620 49999.999622 49999.999623 49999.999625 49999.999627 49999.999629 49999.999630 49999.999632 49999.999634 49999.999636 49999.999638 49999.999639 49999.999641 49999.999643 49999.999645 49999.999647 49999.999649 49999.999651 49999.999653 49999.999655 49999.999657 49999.999659 49999.999661 49999.999663 49999.999665 49999.999667 49999.999669 49999.999671 49999.999673 49999.999675 49999.999677 49999.999679 49999.999681 49999.999683 49999.999686 49999.999688 49999.999690 49999.999692 49999.999694 49999.999697 49999.999699 49999.999701 49999.999703 49999.999705 49999.999708 49999.999710 49999.999712 49999.999715 49999.999717 49999.999719 49999.999721 49999.999724 49999.999726 49999.999728 49999.999731 49999.999733 49999.999736 49999.999738 49999.999740 49999.999743 49999.999745 49999.999748 49999.999750 49999.999753 49999.999755 49999.999757 49999.999760 49999.999762 49999.999765 49999.999767 49999.999770 49999.999773 49999.999775 49999.999778 49999.999780 49999.999783 49999.999785 49999.999788 49999.999790 49999.999793 49999.999796 49999.999798 49999.999801 49999.999803 49999.999806 49999.999809 49999.999811 49999.999814 49999.999817 49999.999819 49999.999822 49999.999825 49999.999827 49999.999830 49999.999833 49999.999835 49999.999838 49999.999841 49999.999844 49999.999846 49999.999849 49999.999852 49999.999855 49999.999857 49999.999860 49999.999863 49999.999866 49999.999868 49999.999871 49999.999874 49999.999877 49999.999879 49999.999882 49999.999885 49999.999888 49999.999891 49999.999893 49999.999896 49999.999899 49999.999902 49999.999905 49999.999908 49999.999910 49999.999913 49999.999916 49999.999919 49999.999922 49999.999925 49999.999927 49999.999930 49999.999933 49999.999936 49999.999939 49999.999942 49999.999945 49999.999947 49999.999950 49999.999953 49999.999956 49999.999959 49999.999962 49999.999965 49999.999968 49999.999970 49999.999973 49999.999976 49999.999979 49999.999982 49999.999985 49999.999988 49999.999991 49999.999994 49999.999996 49999.999999 50000.000002 50000.000005 50000.000008 50000.000011 50000.000014 50000.000017 50000.000020 50000.000022 50000.000025 50000.000028 50000.000031 50000.000034 50000.000037 50000.000040 50000.000043 50000.000045 50000.000048 50000.000051 50000.000054 50000.000057 50000.000060 50000.000063 50000.000066 50000.000068 50000.000071 50000.000074 50000.000077 50000.000080 50000.000083 50000.000086 50000.000088 50000.000091 50000.000094 50000.000097 50000.000100 50000.000102 50000.000105 50000.000108 50000.000111 50000.000114 50000.000117 50000.000119 50000.000122 50000.000125 50000.000128 50000.000130 50000.000133 50000.000136 50000.000139 50000.000142 50000.000144 50000.000147 50000.000150 50000.000152 50000.000155 50000.000158 50000.000161 50000.000163 50000.000166 50000.000169 50000.000171 50000.000174 50000.000177 50000.000179 50000.000182 50000.000185 50000.000187 50000.000190 50000.000193 50000.000195 50000.000198 50000.000201 50000.000203 50000.000206 50000.000208 50000.000211 50000.000214 50000.000216 50000.000219 50000.000221 50000.000224 50000.000226 50000.000229 50000.000231 50000.000234 50000.000236 50000.000239 50000.000241 50000.000244 50000.000246 50000.000249 50000.000251 50000.000254 50000.000256 50000.000259 50000.000261 50000.000263 50000.000266 50000.000268 50000.000270 50000.000273 50000.000275 50000.000277 50000.000280 50000.000282 50000.000284 50000.000287 50000.000289 50000.000291 50000.000294 50000.000296 50000.000298 50000.000300 50000.000302 50000.000305 50000.000307 50000.000309 50000.000311 50000.000313 50000.000316 50000.000318 50000.000320 50000.000322 50000.000324 50000.000326 50000.000328 50000.000330 50000.000332 50000.000334 50000.000336 50000.000338 50000.000340 50000.000342 50000.000344 50000.000346 50000.000348 50000.000350 50000.000352 50000.000354 50000.000356 50000.000358 50000.000360 50000.000362 50000.000363 50000.000365 50000.000367 50000.000369 50000.000371 50000.000372 50000.000374 50000.000376 50000.000378 50000.000379 50000.000381 50000.000383 50000.000384 50000.000386 50000.000388 50000.000389 50000.000391 50000.000393 50000.000394 50000.000396 50000.000397 50000.000399 50000.000400 50000.000402 50000.000403 50000.000405 50000.000406 50000.000408 50000.000409 50000.000411 50000.000412 50000.000413 50000.000415 50000.000416 50000.000417 50000.000419 50000.000420 50000.000421 50000.000423 50000.000424 50000.000425 50000.000426 50000.000428 50000.000429 50000.000430 50000.000431 50000.000432 50000.000433 50000.000435 50000.000436 50000.000437 50000.000438 50000.000439 50000.000440 50000.000441 50000.000442 50000.000443 50000.000444 50000.000445 50000.000446 50000.000447 50000.000448 50000.000448 50000.000449 50000.000450 50000.000451 50000.000452 50000.000453 50000.000453 50000.000454 50000.000455 50000.000456 50000.000456 50000.000457 50000.000458 50000.000458 50000.000459 50000.000460 50000.000460 50000.000461 50000.000461 50000.000462 50000.000463 50000.000463 50000.000464 50000.000464 50000.000465 50000.000465 50000.000465 50000.000466 50000.000466 50000.000467 50000.000467 50000.000467 50000.000468 50000.000468 50000.000468 50000.000469 50000.000469 50000.000469 50000.000469 50000.000469 50000.000470 50000.000470 50000.000470 50000.000470 50000.000470 50000.000470 50000.000470 50000.000471 50000.000471 50000.000471 50000.000471 50000.000471 50000.000471 50000.000471 50000.000470 50000.000470 50000.000470 50000.000470 50000.000470 50000.000470 50000.000470 50000.000470 50000.000469 50000.000469 50000.000469 50000.000469 50000.000468 50000.000468 50000.000468 50000.000467 50000.000467 50000.000467 50000.000466 50000.000466 50000.000466 50000.000465 50000.000465 50000.000464 50000.000464 50000.000463 50000.000463 50000.000462 50000.000462 50000.000461 50000.000461 50000.000460 50000.000459 50000.000459 50000.000458 50000.000457 50000.000457 50000.000456 50000.000455 50000.000454 50000.000454 50000.000453 50000.000452 50000.000451 50000.000451 50000.000450 50000.000449 50000.000448 50000.000447 50000.000446 50000.000445 50000.000444 50000.000443 50000.000442 50000.000441 50000.000440 50000.000439 50000.000438 50000.000437 50000.000436 50000.000435 50000.000434 50000.000433 50000.000432 50000.000431 50000.000429 50000.000428 50000.000427 50000.000426 50000.000424 50000.000423 50000.000422 50000.000421 50000.000419 50000.000418 50000.000417 50000.000415 50000.000414 50000.000413 50000.000411 50000.000410 50000.000408 50000.000407 50000.000405 50000.000404 50000.000403 50000.000401 50000.000399 50000.000398 50000.000396 50000.000395 50000.000393 50000.000392 50000.000390 50000.000388 50000.000387 50000.000385 50000.000383 50000.000382 50000.000380 50000.000378 50000.000377 50000.000375 50000.000373 50000.000371 50000.000370 50000.000368 50000.000366 50000.000364 50000.000362 50000.000361 50000.000359 50000.000357 50000.000355 50000.000353 50000.000351 50000.000349 50000.000347 50000.000345 50000.000343 50000.000341 50000.000339 50000.000337 50000.000335 50000.000333 50000.000331 50000.000329 50000.000327 50000.000325 50000.000323 50000.000321 50000.000319 50000.000317 50000.000314 50000.000312 50000.000310 50000.000308 50000.000306 50000.000303 50000.000301 50000.000299 50000.000297 50000.000295 50000.000292 50000.000290 50000.000288 50000.000285 50000.000283 50000.000281 50000.000279 50000.000276 50000.000274 50000.000272 50000.000269 50000.000267 50000.000264 50000.000262 50000.000260 50000.000257 50000.000255 50000.000252 50000.000250 50000.000247 50000.000245 50000.000243 50000.000240 50000.000238 50000.000235 50000.000233 50000.000230 50000.000227 50000.000225 50000.000222 50000.000220 50000.000217 50000.000215 50000.000212 50000.000210 50000.000207 50000.000204 50000.000202 50000.000199 50000.000197 50000.000194 50000.000191 50000.000189 50000.000186 50000.000183 50000.000181 50000.000178 50000.000175 50000.000173 50000.000170 50000.000167 50000.000165 50000.000162 50000.000159 50000.000156 50000.000154 50000.000151 50000.000148 50000.000145 50000.000143 50000.000140 50000.000137 50000.000134 50000.000132 50000.000129 50000.000126 50000.000123 50000.000121 50000.000118 50000.000115 50000.000112 50000.000109 50000.000107 50000.000104 50000.000101 50000.000098 50000.000095 50000.000092 50000.000090 50000.000087 50000.000084 50000.000081 50000.000078 50000.000075 50000.000073 50000.000070 50000.000067 50000.000064 50000.000061 50000.000058 50000.000055 50000.000053 50000.000050 50000.000047 50000.000044 50000.000041 50000.000038 50000.000035 50000.000032 50000.000030 50000.000027 50000.000024 50000.000021 50000.000018 50000.000015 50000.000012 50000.000009 50000.000006 50000.000004 50000.000001 49999.999998 49999.999995 49999.999992 49999.999989 49999.999986 49999.999983 49999.999980 49999.999978 49999.999975 49999.999972 49999.999969 49999.999966 49999.999963 49999.999960 49999.999957 49999.999955 49999.999952 49999.999949 49999.999946 49999.999943 49999.999940 49999.999937 49999.999934 49999.999932 49999.999929 49999.999926 49999.999923 49999.999920 49999.999917 49999.999914 49999.999912 49999.999909 49999.999906 49999.999903 49999.999900 49999.999898 49999.999895 49999.999892 49999.999889 49999.999886 49999.999883 49999.999881 49999.999878 49999.999875 49999.999872 49999.999870 49999.999867 49999.999864 49999.999861 49999.999858 49999.999856 49999.999853 49999.999850 49999.999848 49999.999845 49999.999842 49999.999839 49999.999837 49999.999834 49999.999831 49999.999829 49999.999826 49999.999823 49999.999821 49999.999818 49999.999815 49999.999813 49999.999810 49999.999807 49999.999805 49999.999802 49999.999799 49999.999797 49999.999794 49999.999792 49999.999789 49999.999786 49999.999784 49999.999781 49999.999779 49999.999776 49999.999774 49999.999771 49999.999769 49999.999766 49999.999764 49999.999761 49999.999759 49999.999756 49999.999754 49999.999751 49999.999749 49999.999746 49999.999744 49999.999741 49999.999739 49999.999737 49999.999734 49999.999732 49999.999730 49999.999727 49999.999725 49999.999723 49999.999720 49999.999718 49999.999716 49999.999713 49999.999711 49999.999709 49999.999706 49999.999704 49999.999702 49999.999700 49999.999698 49999.999695 49999.999693 49999.999691 49999.999689 49999.999687 49999.999684 49999.999682 49999.999680 49999.999678 49999.999676 49999.999674 49999.999672 49999.999670 49999.999668 49999.999666 49999.999664 49999.999662 49999.999660 49999.999658 49999.999656 49999.999654 49999.999652 49999.999650 49999.999648 49999.999646 49999.999644 49999.999642 49999.999640 49999.999638 49999.999637 49999.999635 49999.999633 49999.999631 49999.999629 49999.999628 49999.999626 49999.999624 49999.999622 49999.999621 49999.999619 49999.999617 49999.999616 49999.999614 49999.999612 49999.999611 49999.999609 49999.999607 49999.999606 49999.999604 49999.999603 49999.999601 49999.999600 49999.999598 49999.999597 49999.999595 49999.999594 49999.999592 49999.999591 49999.999589 49999.999588 49999.999587 49999.999585 49999.999584 49999.999583 49999.999581 49999.999580 49999.999579 49999.999577 49999.999576 49999.999575 49999.999574 49999.999572 49999.999571 49999.999570 49999.999569 49999.999568 49999.999567 49999.999565 49999.999564 49999.999563 49999.999562 49999.999561 49999.999560 49999.999559 49999.999558 49999.999557 49999.999556 49999.999555 49999.999554 49999.999553 49999.999552 49999.999552 49999.999551 49999.999550 49999.999549 49999.999548 49999.999547 49999.999547 49999.999546 49999.999545 49999.999544 49999.999544 49999.999543 49999.999542 49999.999542 49999.999541 49999.999540 49999.999540 49999.999539 49999.999539 49999.999538 49999.999537 49999.999537 49999.999536 49999.999536 49999.999535 49999.999535 49999.999535 49999.999534 49999.999534 49999.999533 49999.999533 49999.999533 49999.999532 49999.999532 49999.999532 49999.999531 49999.999531 49999.999531 49999.999531 49999.999530 49999.999530 49999.999530 49999.999530 49999.999530 49999.999530 49999.999530 49999.999530 49999.999529 49999.999529 49999.999529 49999.999529 49999.999529 49999.999529 49999.999529 49999.999530 49999.999530 49999.999530 49999.999530 49999.999530 49999.999530 49999.999530 49999.999530 49999.999531 49999.999531 49999.999531 49999.999531 49999.999532 49999.999532 49999.999532 49999.999533 49999.999533 49999.999533 49999.999534 49999.999534 49999.999534 49999.999535 49999.999535 49999.999536 49999.999536 49999.999537 49999.999537 49999.999538 49999.999538 49999.999539 49999.999539 49999.999540 49999.999541 49999.999541 49999.999542 49999.999543 49999.999543 49999.999544 49999.999545 49999.999546 49999.999546 49999.999547 49999.999548 49999.999549 49999.999549 49999.999550 49999.999551 49999.999552 49999.999553 49999.999554 49999.999555 49999.999556 49999.999557 49999.999558 49999.999559 49999.999560 49999.999561 49999.999562 49999.999563 49999.999564 49999.999565 49999.999566 49999.999567 49999.999568 49999.999569 49999.999571 49999.999572 49999.999573 49999.999574 49999.999576 49999.999577 49999.999578 49999.999579 49999.999581 49999.999582 49999.999583 49999.999585 49999.999586 49999.999587 49999.999589 49999.999590 49999.999592 49999.999593 49999.999595 49999.999596 49999.999597 49999.999599 49999.999601 49999.999602 49999.999604 49999.999605 49999.999607 49999.999608 49999.999610 49999.999612 49999.999613 49999.999615 49999.999617 49999.999618 49999.999620 49999.999622 49999.999623 49999.999625 49999.999627 49999.999629 49999.999630 49999.999632 49999.999634 49999.999636 49999.999638 49999.999639 49999.999641 49999.999643 49999.999645 49999.999647 49999.999649 49999.999651 49999.999653 49999.999655 49999.999657 49999.999659 49999.999661 49999.999663 49999.999665 49999.999667 49999.999669 49999.999671 49999.999673 49999.999675 49999.999677 49999.999679 49999.999681 49999.999683 49999.999686 49999.999688 49999.999690 49999.999692 49999.999694 49999.999697 49999.999699 49999.999701 49999.999703 49999.999705 49999.999708 49999.999710 49999.999712 49999.999715 49999.999717 49999.999719 49999.999721 49999.999724 49999.999726 49999.999728 49999.999731 49999.999733 49999.999736 49999.999738 49999.999740 49999.999743 49999.999745 49999.999748 49999.999750 49999.999753 49999.999755 49999.999757 49999.999760 49999.999762 49999.999765 49999.999767 49999.999770 49999.999773 49999.999775 49999.999778 49999.999780 49999.999783 49999.999785 49999.999788 49999.999790 49999.999793 49999.999796 49999.999798 49999.999801 49999.999803 49999.999806 49999.999809 49999.999811 49999.999814 49999.999817 49999.999819 49999.999822 49999.999825 49999.999827 49999.999830 49999.999833 49999.999835 49999.999838 49999.999841 49999.999844 49999.999846 49999.999849 49999.999852 49999.999855 49999.999857 49999.999860 49999.999863 49999.999866 49999.999868 49999.999871 49999.999874 49999.999877 49999.999879 49999.999882 49999.999885 49999.999888 49999.999891 49999.999893 49999.999896 49999.999899 49999.999902 49999.999905 49999.999908 49999.999910 49999.999913 49999.999916 49999.999919 49999.999922 49999.999925 49999.999927 49999.999930 49999.999933 49999.999936 49999.999939 49999.999942 49999.999945 49999.999947 49999.999950 49999.999953 49999.999956 49999.999959 49999.999962 49999.999965 49999.999968 49999.999970 49999.999973 49999.999976 49999.999979 49999.999982 49999.999985 49999.999988 49999.999991 49999.999994 49999.999996 49999.999999 50000.000002 50000.000005 50000.000008 50000.000011 50000.000014 50000.000017 50000.000020 50000.000022 50000.000025 50000.000028 50000.000031 50000.000034 50000.000037 50000.000040 50000.000043 50000.000045 50000.000048 50000.000051 50000.000054 50000.000057 50000.000060 50000.000063 50000.000066 50000.000068 50000.000071 50000.000074 50000.000077 50000.000080 50000.000083 50000.000086 50000.000088 50000.000091 50000.000094 50000.000097 50000.000100 50000.000102 50000.000105 50000.000108 50000.000111 50000.000114 50000.000117 50000.000119 50000.000122 50000.000125 50000.000128 50000.000130 50000.000133 50000.000136 50000.000139 50000.000142 50000.000144 50000.000147 50000.000150 50000.000152 50000.000155 50000.000158 50000.000161 50000.000163 50000.000166 50000.000169 50000.000171 50000.000174 50000.000177 50000.000179 50000.000182 50000.000185 50000.000187 50000.000190 50000.000193 50000.000195 50000.000198 50000.000201 50000.000203 50000.000206 50000.000208 50000.000211 50000.000214 50000.000216 50000.000219 50000.000221 50000.000224 50000.000226 50000.000229 50000.000231 50000.000234 50000.000236 50000.000239 50000.000241 50000.000244 50000.000246 50000.000249 50000.000251 50000.000254 50000.000256 50000.000259 50000.000261 50000.000263 50000.000266 50000.000268 50000.000270 50000.000273 50000.000275 50000.000277 50000.000280 50000.000282 50000.000284 50000.000287 50000.000289 50000.000291 50000.000294 50000.000296 50000.000298 50000.000300 50000.000303 50000.000305 50000.000307 50000.000309 50000.000311 50000.000313 50000.000316 50000.000318 50000.000320 50000.000322 50000.000324 50000.000326 50000.000328 50000.000330 50000.000332 50000.000334 50000.000336 50000.000338 50000.000340 50000.000342 50000.000344 50000.000346 50000.000348 50000.000350 50000.000352 50000.000354 50000.000356 50000.000358 50000.000360 50000.000362 50000.000363 50000.000365 50000.000367 50000.000369 50000.000371 50000.000372 50000.000374 50000.000376 50000.000378 50000.000379 50000.000381 50000.000383 50000.000384 50000.000386 50000.000388 50000.000389 50000.000391 50000.000393 50000.000394 50000.000396 50000.000397 50000.000399 50000.000400 50000.000402 50000.000403 50000.000405 50000.000406 50000.000408 50000.000409 50000.000411 50000.000412 50000.000413 50000.000415 50000.000416 50000.000417 50000.000419 50000.000420 50000.000421 50000.000423 50000.000424 50000.000425 50000.000426 50000.000428 50000.000429 50000.000430 50000.000431 50000.000432 50000.000433 50000.000435 50000.000436 50000.000437 50000.000438 50000.000439 50000.000440 50000.000441 50000.000442 50000.000443 50000.000444 50000.000445 50000.000446 50000.000447 50000.000448 50000.000448 50000.000449 50000.000450 50000.000451 50000.000452 50000.000453 50000.000453 50000.000454 50000.000455 50000.000456 50000.000456 50000.000457 50000.000458 50000.000458 50000.000459 50000.000460 50000.000460 50000.000461 50000.000461 50000.000462 50000.000463 50000.000463 50000.000464 50000.000464 50000.000465 50000.000465 50000.000465 50000.000466 50000.000466 50000.000467 50000.000467 50000.000467 50000.000468 50000.000468 50000.000468 50000.000469 50000.000469 50000.000469 50000.000469 50000.000469 50000.000470 50000.000470 50000.000470 50000.000470 50000.000470 50000.000470 50000.000470 50000.000471 50000.000471 50000.000471 50000.000471 
 gpu diagonal elements of u (4000 steps)
-0.000047 -0.000141 -0.000235 -0.000329 -0.000423 -0.000518 -0.000612 -0.000706 -0.000800 -0.000894 -0.000988 -0.001081 -0.001175 -0.001269 -0.001363 -0.001457 -0.001550 -0.001644 -0.001737 -0.001831 -0.001924 -0.002018 -0.002111 -0.002204 -0.002297 -0.002390 -0.002483 -0.002576 -0.002669 -0.002761 -0.002854 -0.002946 -0.003038 -0.003130 -0.003223 -0.003314 -0.003406 -0.003498 -0.003589 -0.003681 -0.003772 -0.003863 -0.003954 -0.004045 -0.004136 -0.004226 -0.004317 -0.004407 -0.004497 -0.004587 -0.004676 -0.004766 -0.004855 -0.004944 -0.005033 -0.005122 -0.005211 -0.005299 -0.005387 -0.005475 -0.005563 -0.005651 -0.005738 -0.005825 -0.005912 -0.005999 -0.006085 -0.006171 -0.006257 -0.006343 -0.006429 -0.006514 -0.006599 -0.006684 -0.006768 -0.006852 -0.006936 -0.007020 -0.007104 -0.007187 -0.007270 -0.007352 -0.007435 -0.007517 -0.007599 -0.007680 -0.007762 -0.007843 -0.007923 -0.008004 -0.008084 -0.008163 -0.008243 -0.008322 -0.008401 -0.008479 -0.008557 -0.008635 -0.008713 -0.008790 -0.008867 -0.008943 -0.009020 -0.009095 -0.009171 -0.009246 -0.009321 -0.009395 -0.009470 -0.009543 -0.009617 -0.009690 -0.009762 -0.009835 -0.009907 -0.009978 -0.010049 -0.010120 -0.010191 -0.010261 -0.010330 -0.010399 -0.010468 -0.010537 -0.010605 -0.010673 -0.010740 -0.010807 -0.010873 -0.010939 -0.011005 -0.011070 -0.011135 -0.011199 -0.011263 -0.011327 -0.011390 -0.011452 -0.011515 -0.011577 -0.011638 -0.011699 -0.011759 -0.011819 -0.011879 -0.011938 -0.011997 -0.012055 -0.012113 -0.012170 -0.012227 -0.012283 -0.012339 -0.012395 -0.012450 -0.012504 -0.012559 -0.012612 -0.012665 -0.012718 -0.012770 -0.012822 -0.012873 -0.012924 -0.012974 -0.013024 -0.013073 -0.013122 -0.013170 -0.013218 -0.013265 -0.013312 -0.013358 -0.013404 -0.013449 -0.013494 -0.013538 -0.013582 -0.013625 -0.013668 -0.013710 -0.013752 -0.013793 -0.013833 -0.013874 -0.013913 -0.013952 -0.013991 -0.014029 -0.014066 -0.014103 -0.014140 -0.014175 -0.014211 -0.014246 -0.014280 -0.014314 -0.014347 -0.014380 -0.014412 -0.014443 -0.014474 -0.014505 -0.014535 -0.014564 -0.014593 -0.014621 -0.014649 -0.014676 -0.014703 -0.014729 -0.014754 -0.014779 -0.014804 -0.014828 -0.014851 -0.014874 -0.014896 -0.014917 -0.014938 -0.014959 -0.014979 -0.014998 -0.015017 -0.015035 -0.015053 -0.015070 -0.015086 -0.015102 -0.015118 -0.015133 -0.015147 -0.015160 -0.015174 -0.015186 -0.015198 -0.015209 -0.015220 -0.015230 -0.015240 -0.015249 -0.015258 -0.015266 -0.015273 -0.015280 -0.015286 -0.015292 -0.015297 -0.015301 -0.015305 -0.015308 -0.015311 -0.015313 -0.015315 -0.015316 -0.015316 -0.015316 -0.015315 -0.015314 -0.015312 -0.015310 -0.015307 -0.015303 -0.015299 -0.015294 -0.015289 -0.015283 -0.015276 -0.015269 -0.015262 -0.015253 -0.015245 -0.015235 -0.015225 -0.015215 -0.015204 -0.015192 -0.015180 -0.015167 -0.015154 -0.015140 -0.015125 -0.015110 -0.015094 -0.015078 -0.015061 -0.015044 -0.015026 -0.015008 -0.014989 -0.014969 -0.014949 -0.014928 -0.014907 -0.014885 -0.014862 -0.014839 -0.014816 -0.014792 -0.014767 -0.014742 -0.014716 -0.014689 -0.014663 -0.014635 -0.014607 -0.014579 -0.014549 -0.014520 -0.014490 -0.014459 -0.014427 -0.014396 -0.014363 -0.014330 -0.014297 -0.014263 -0.014228 -0.014193 -0.014158 -0.014121 -0.014085 -0.014048 -0.014010 -0.013972 -0.013933 -0.013893 -0.013854 -0.013813 -0.013772 -0.013731 -0.013689 -0.013646 -0.013604 -0.013560 -0.013516 -0.013472 -0.013427 -0.013381 -0.013335 -0.013288 -0.013241 -0.013194 -0.013146 -0.013097 -0.013048 -0.012999 -0.012949 -0.012898 -0.012847 -0.012796 -0.012744 -0.012692 -0.012639 -0.012585 -0.012532 -0.012477 -0.012422 -0.012367 -0.012312 -0.012255 -0.012199 -0.012142 -0.012084 -0.012026 -0.011968 -0.011909 -0.011849 -0.011789 -0.011729 -0.011668 -0.011607 -0.011546 -0.011484 -0.011421 -0.011358 -0.011295 -0.011231 -0.011167 -0.011102 -0.011037 -0.010972 -0.010906 -0.010840 -0.010773 -0.010706 -0.010639 -0.010571 -0.010503 -0.010434 -0.010365 -0.010295 -0.010226 -0.010155 -0.010085 -0.010014 -0.009942 -0.009871 -0.009799 -0.009726 -0.009653 -0.009580 -0.009506 -0.009433 -0.009358 -0.009284 -0.009209 -0.009133 -0.009058 -0.008982 -0.008905 -0.008828 -0.008751 -0.008674 -0.008596 -0.008518 -0.008440 -0.008361 -0.008282 -0.008203 -0.008124 -0.008044 -0.007963 -0.007883 -0.007802 -0.007721 -0.007640 -0.007558 -0.007476 -0.007394 -0.007311 -0.007228 -0.007145 -0.007062 -0.006978 -0.006894 -0.006810 -0.006726 -0.006641 -0.006556 -0.006471 -0.006386 -0.006300 -0.006214 -0.006128 -0.006042 -0.005955 -0.005868 -0.005781 -0.005694 -0.005607 -0.005519 -0.005431 -0.005343 -0.005255 -0.005166 -0.005078 -0.004989 -0.004900 -0.004811 -0.004721 -0.004632 -0.004542 -0.004452 -0.004362 -0.004272 -0.004181 -0.004090 -0.004000 -0.003909 -0.003818 -0.003727 -0.003635 -0.003544 -0.003452 -0.003360 -0.003269 -0.003177 -0.003084 -0.002992 -0.002900 -0.002807 -0.002715 -0.002622 -0.002529 -0.002437 -0.002344 -0.002251 -0.002157 -0.002064 -0.001971 -0.001878 -0.001784 -0.001691 -0.001597 -0.001503 -0.001410 -0.001316 -0.001222 -0.001128 -0.001035 -0.000941 -0.000847 -0.000753 -0.000659 -0.000565 -0.000471 -0.000376 -0.000282 -0.000188 -0.000094 -0.000000 0.000094 0.000188 0.000282 0.000376 0.000471 0.000565 0.000659 0.000753 0.000847 0.000941 0.001035 0.001129 0.001222 0.001316 0.001410 0.001504 0.001597 0.001691 0.001784 0.001878 0.001971 0.002065 0.002158 0.002251 0.002344 0.002437 0.002530 0.002623 0.002716 0.002808 0.002901 0.002993 0.003085 0.003178 0.003270 0.003362 0.003453 0.003545 0.003637 0.003728 0.003819 0.003910 0.004001 0.004092 0.004183 0.004273 0.004364 0.004454 0.004544 0.004634 0.004723 0.004813 0.004902 0.004991 0.005080 0.005169 0.005258 0.005346 0.005434 0.005522 0.005610 0.005698 0.005785 0.005872 0.005959 0.006046 0.006132 0.006218 0.006304 0.006390 0.006476 0.006561 0.006646 0.006731 0.006815 0.006899 0.006983 0.007067 0.007151 0.007234 0.007317 0.007400 0.007482 0.007564 0.007646 0.007727 0.007809 0.007890 0.007970 0.008051 0.008131 0.008210 0.008290 0.008369 0.008448 0.008526 0.008604 0.008682 0.008760 0.008837 0.008914 0.008990 0.009067 0.009143 0.009218 0.009293 0.009368 0.009442 0.009517 0.009590 0.009664 0.009737 0.009809 0.009882 0.009954 0.010025 0.010096 0.010167 0.010238 0.010308 0.010377 0.010447 0.010515 0.010584 0.010652 0.010720 0.010787 0.010854 0.010920 0.010986 0.011052 0.011117 0.011182 0.011246 0.011310 0.011374 0.011437 0.011500 0.011562 0.011624 0.011685 0.011746 0.011806 0.011866 0.011926 0.011985 0.012044 0.012102 0.012160 0.012217 0.012274 0.012331 0.012386 0.012442 0.012497 0.012552 0.012606 0.012659 0.012712 0.012765 0.012817 0.012869 0.012920 0.012971 0.013021 0.013071 0.013120 0.013169 0.013217 0.013265 0.013312 0.013359 0.013405 0.013451 0.013496 0.013541 0.013585 0.013629 0.013672 0.013715 0.013757 0.013799 0.013840 0.013880 0.013921 0.013960 0.013999 0.014038 0.014076 0.014113 0.014150 0.014187 0.014223 0.014258 0.014293 0.014327 0.014361 0.014394 0.014427 0.014459 0.014490 0.014521 0.014552 0.014582 0.014611 0.014640 0.014668 0.014696 0.014723 0.014750 0.014776 0.014801 0.014826 0.014851 0.014875 0.014898 0.014921 0.014943 0.014964 0.014985 0.015006 0.015026 0.015045 0.015064 0.015082 0.015100 0.015117 0.015133 0.015149 0.015165 0.015180 0.015194 0.015208 0.015221 0.015233 0.015245 0.015256 0.015267 0.015277 0.015287 0.015296 0.015305 0.015313 0.015320 0.015327 0.015333 0.015339 0.015344 0.015348 0.015352 0.015355 0.015358 0.015360 0.015362 0.015363 0.015363 0.015363 0.015362 0.015361 0.015359 0.015357 0.015354 0.015350 0.015346 0.015341 0.015336 0.015330 0.015323 0.015316 0.015309 0.015301 0.015292 0.015282 0.015272 0.015262 0.015251 0.015239 0.015227 0.015214 0.015201 0.015187 0.015172 0.015157 0.015142 0.015125 0.015108 0.015091 0.015073 0.015055 0.015036 0.015016 0.014996 0.014975 0.014954 0.014932 0.014909 0.014886 0.014863 0.014839 0.014814 0.014789 0.014763 0.014737 0.014710 0.014682 0.014654 0.014626 0.014596 0.014567 0.014537 0.014506 0.014475 0.014443 0.014410 0.014377 0.014344 0.014310 0.014275 0.014240 0.014205 0.014168 0.014132 0.014095 0.014057 0.014019 0.013980 0.013940 0.013901 0.013860 0.013819 0.013778 0.013736 0.013694 0.013651 0.013607 0.013563 0.013519 0.013474 0.013428 0.013382 0.013336 0.013289 0.013241 0.013193 0.013144 0.013095 0.013046 0.012996 0.012946 0.012895 0.012843 0.012791 0.012739 0.012686 0.012632 0.012579 0.012524 0.012470 0.012414 0.012359 0.012302 0.012246 0.012189 0.012131 0.012073 0.012015 0.011956 0.011896 0.011836 0.011776 0.011715 0.011654 0.011593 0.011531 0.011468 0.011405 0.011342 0.011278 0.011214 0.011150 0.011085 0.011019 0.010953 0.010887 0.010820 0.010753 0.010686 0.010618 0.010550 0.010481 0.010412 0.010343 0.010273 0.010202 0.010132 0.010061 0.009990 0.009918 0.009846 0.009773 0.009700 0.009627 0.009554 0.009480 0.009405 0.009331 0.009256 0.009180 0.009105 0.009029 0.008952 0.008876 0.008799 0.008721 0.008643 0.008565 0.008487 0.008408 0.008329 0.008250 0.008171 0.008091 0.008010 0.007930 0.007849 0.007768 0.007687 0.007605 0.007523 0.007441 0.007358 0.007275 0.007192 0.007109 0.007025 0.006941 0.006857 0.006773 0.006688 0.006603 0.006518 0.006433 0.006347 0.006261 0.006175 0.006089 0.006002 0.005916 0.005829 0.005741 0.005654 0.005566 0.005478 0.005390 0.005302 0.005214 0.005125 0.005036 0.004947 0.004858 0.004768 0.004679 0.004589 0.004499 0.004409 0.004319 0.004228 0.004138 0.004047 0.003956 0.003865 0.003774 0.003682 0.003591 0.003499 0.003407 0.003316 0.003224 0.003131 0.003039 0.002947 0.002854 0.002762 0.002669 0.002576 0.002484 0.002391 0.002298 0.002204 0.002111 0.002018 0.001925 0.001831 0.001738 0.001644 0.001551 0.001457 0.001363 0.001269 0.001175 0.001082 0.000988 0.000894 0.000800 0.000706 0.000612 0.000518 0.000424 0.000329 0.000235 0.000141 0.000047 -0.000047 -0.000141 -0.000235 -0.000329 -0.000423 -0.000518 -0.000612 -0.000706 -0.000800 -0.000894 -0.000988 -0.001081 -0.001175 -0.001269 -0.001363 -0.001457 -0.001550 -0.001644 -0.001737 -0.001831 -0.001924 -0.002018 -0.002111 -0.002204 -0.002297 -0.002390 -0.002483 -0.002576 -0.002669 -0.002761 -0.002854 -0.002946 -0.003038 -0.003130 -0.003223 -0.003314 -0.003406 -0.003498 -0.003589 -0.003681 -0.003772 -0.003863 -0.003954 -0.004045 -0.004136 -0.004226 -0.004317 -0.004407 -0.004497 -0.004587 -0.004676 -0.004766 -0.004855 -0.004944 -0.005033 -0.005122 -0.005211 -0.005299 -0.005387 -0.005475 -0.005563 -0.005651 -0.005738 -0.005825 -0.005912 -0.005999 -0.006085 -0.006171 -0.006257 -0.006343 -0.006429 -0.006514 -0.006599 -0.006684 -0.006768 -0.006852 -0.006936 -0.007020 -0.007104 -0.007187 -0.007270 -0.007352 -0.007435 -0.007517 -0.007599 -0.007680 -0.007762 -0.007843 -0.007923 -0.008004 -0.008084 -0.008163 -0.008243 -0.008322 -0.008401 -0.008479 -0.008557 -0.008635 -0.008713 -0.008790 -0.008867 -0.008943 -0.009020 -0.009095 -0.009171 -0.009246 -0.009321 -0.009395 -0.009470 -0.009543 -0.009617 -0.009690 -0.009762 -0.009835 -0.009907 -0.009978 -0.010049 -0.010120 -0.010191 -0.010261 -0.010330 -0.010399 -0.010468 -0.010537 -0.010605 -0.010673 -0.010740 -0.010807 -0.010873 -0.010939 -0.011005 -0.011070 -0.011135 -0.011199 -0.011263 -0.011327 -0.011390 -0.011452 -0.011515 -0.011577 -0.011638 -0.011699 -0.011759 -0.011819 -0.011879 -0.011938 -0.011997 -0.012055 -0.012113 -0.012170 -0.012227 -0.012283 -0.012339 -0.012395 -0.012450 -0.012504 -0.012559 -0.012612 -0.012665 -0.012718 -0.012770 -0.012822 -0.012873 -0.012924 -0.012974 -0.013024 -0.013073 -0.013122 -0.013170 -0.013218 -0.013265 -0.013312 -0.013358 -0.013404 -0.013449 -0.013494 -0.013538 -0.013582 -0.013625 -0.013668 -0.013710 -0.013752 -0.013793 -0.013833 -0.013874 -0.013913 -0.013952 -0.013991 -0.014029 -0.014066 -0.014103 -0.014140 -0.014175 -0.014211 -0.014246 -0.014280 -0.014314 -0.014347 -0.014380 -0.014412 -0.014443 -0.014474 -0.014505 -0.014535 -0.014564 -0.014593 -0.014621 -0.014649 -0.014676 -0.014703 -0.014729 -0.014754 -0.014779 -0.014804 -0.014828 -0.014851 -0.014874 -0.014896 -0.014917 -0.014938 -0.014959 -0.014979 -0.014998 -0.015017 -0.015035 -0.015053 -0.015070 -0.015086 -0.015102 -0.015118 -0.015133 -0.015147 -0.015160 -0.015174 -0.015186 -0.015198 -0.015209 -0.015220 -0.015230 -0.015240 -0.015249 -0.015258 -0.015266 -0.015273 -0.015280 -0.015286 -0.015292 -0.015297 -0.015301 -0.015305 -0.015308 -0.015311 -0.015313 -0.015315 -0.015316 -0.015316 -0.015316 -0.015315 -0.015314 -0.015312 -0.015310 -0.015307 -0.015303 -0.015299 -0.015294 -0.015289 -0.015283 -0.015276 -0.015269 -0.015262 -0.015253 -0.015245 -0.015235 -0.015225 -0.015215 -0.015204 -0.015192 -0.015180 -0.015167 -0.015154 -0.015140 -0.015125 -0.015110 -0.015094 -0.015078 -0.015061 -0.015044 -0.015026 -0.015008 -0.014989 -0.014969 -0.014949 -0.014928 -0.014907 -0.014885 -0.014862 -0.014839 -0.014816 -0.014792 -0.014767 -0.014742 -0.014716 -0.014689 -0.014663 -0.014635 -0.014607 -0.014579 -0.014549 -0.014520 -0.014490 -0.014459 -0.014427 -0.014396 -0.014363 -0.014330 -0.014297 -0.014263 -0.014228 -0.014193 -0.014158 -0.014121 -0.014085 -0.014048 -0.014010 -0.013972 -0.013933 -0.013893 -0.013854 -0.013813 -0.013772 -0.013731 -0.013689 -0.013646 -0.013604 -0.013560 -0.013516 -0.013472 -0.013427 -0.013381 -0.013335 -0.013288 -0.013241 -0.013194 -0.013146 -0.013097 -0.013048 -0.012999 -0.012949 -0.012898 -0.012847 -0.012796 -0.012744 -0.012692 -0.012639 -0.012585 -0.012532 -0.012477 -0.012422 -0.012367 -0.012312 -0.012255 -0.012199 -0.012142 -0.012084 -0.012026 -0.011968 -0.011909 -0.011849 -0.011789 -0.011729 -0.011668 -0.011607 -0.011546 -0.011484 -0.011421 -0.011358 -0.011295 -0.011231 -0.011167 -0.011102 -0.011037 -0.010972 -0.010906 -0.010840 -0.010773 -0.010706 -0.010639 -0.010571 -0.010503 -0.010434 -0.010365 -0.010295 -0.010226 -0.010155 -0.010085 -0.010014 -0.009942 -0.009871 -0.009799 -0.009726 -0.009653 -0.009580 -0.009506 -0.009433 -0.009358 -0.009284 -0.009209 -0.009133 -0.009058 -0.008982 -0.008905 -0.008828 -0.008751 -0.008674 -0.008596 -0.008518 -0.008440 -0.008361 -0.008282 -0.008203 -0.008124 -0.008044 -0.007963 -0.007883 -0.007802 -0.007721 -0.007640 -0.007558 -0.007476 -0.007394 -0.007311 -0.007228 -0.007145 -0.007062 -0.006978 -0.006894 -0.006810 -0.006726 -0.006641 -0.006556 -0.006471 -0.006386 -0.006300 -0.006214 -0.006128 -0.006042 -0.005955 -0.005868 -0.005781 -0.005694 -0.005607 -0.005519 -0.005431 -0.005343 -0.005255 -0.005166 -0.005078 -0.004989 -0.004900 -0.004811 -0.004721 -0.004632 -0.004542 -0.004452 -0.004362 -0.004272 -0.004181 -0.004090 -0.004000 -0.003909 -0.003818 -0.003727 -0.003635 -0.003544 -0.003452 -0.003360 -0.003269 -0.003177 -0.003084 -0.002992 -0.002900 -0.002807 -0.002715 -0.002622 -0.002529 -0.002437 -0.002344 -0.002251 -0.002157 -0.002064 -0.001971 -0.001878 -0.001784 -0.001691 -0.001597 -0.001503 -0.001410 -0.001316 -0.001222 -0.001128 -0.001035 -0.000941 -0.000847 -0.000753 -0.000659 -0.000565 -0.000471 -0.000376 -0.000282 -0.000188 -0.000094 -0.000000 0.000094 0.000188 0.000282 0.000376 0.000471 0.000565 0.000659 0.000753 0.000847 0.000941 0.001035 0.001129 0.001222 0.001316 0.001410 0.001504 0.001597 0.001691 0.001784 0.001878 0.001971 0.002065 0.002158 0.002251 0.002344 0.002437 0.002530 0.002623 0.002716 0.002808 0.002901 0.002993 0.003085 0.003178 0.003270 0.003362 0.003453 0.003545 0.003637 0.003728 0.003819 0.003910 0.004001 0.004092 0.004183 0.004273 0.004364 0.004454 0.004544 0.004634 0.004723 0.004813 0.004902 0.004991 0.005080 0.005169 0.005258 0.005346 0.005434 0.005522 0.005610 0.005698 0.005785 0.005872 0.005959 0.006046 0.006132 0.006218 0.006304 0.006390 0.006476 0.006561 0.006646 0.006731 0.006815 0.006899 0.006983 0.007067 0.007151 0.007234 0.007317 0.007400 0.007482 0.007564 0.007646 0.007727 0.007809 0.007890 0.007970 0.008051 0.008131 0.008210 0.008290 0.008369 0.008448 0.008526 0.008604 0.008682 0.008760 0.008837 0.008914 0.008990 0.009067 0.009143 0.009218 0.009293 0.009368 0.009442 0.009517 0.009590 0.009664 0.009737 0.009809 0.009882 0.009954 0.010025 0.010096 0.010167 0.010238 0.010308 0.010377 0.010447 0.010515 0.010584 0.010652 0.010720 0.010787 0.010854 0.010920 0.010986 0.011052 0.011117 0.011182 0.011246 0.011310 0.011374 0.011437 0.011500 0.011562 0.011624 0.011685 0.011746 0.011806 0.011866 0.011926 0.011985 0.012044 0.012102 0.012160 0.012217 0.012274 0.012331 0.012386 0.012442 0.012497 0.012552 0.012606 0.012659 0.012712 0.012765 0.012817 0.012869 0.012920 0.012971 0.013021 0.013071 0.013120 0.013169 0.013217 0.013265 0.013312 0.013359 0.013405 0.013451 0.013496 0.013541 0.013585 0.013629 0.013672 0.013715 0.013757 0.013799 0.013840 0.013880 0.013921 0.013960 0.013999 0.014038 0.014076 0.014113 0.014150 0.014187 0.014223 0.014258 0.014293 0.014327 0.014361 0.014394 0.014427 0.014459 0.014490 0.014521 0.014552 0.014582 0.014611 0.014640 0.014668 0.014696 0.014723 0.014750 0.014776 0.014801 0.014826 0.014851 0.014875 0.014898 0.014921 0.014943 0.014964 0.014985 0.015006 0.015026 0.015045 0.015064 0.015082 0.015100 0.015117 0.015133 0.015149 0.015165 0.015180 0.015194 0.015207 0.015221 0.015233 0.015245 0.015256 0.015267 0.015277 0.015287 0.015296 0.015305 0.015313 0.015320 0.015327 0.015333 0.015339 0.015344 0.015348 0.015352 0.015355 0.015358 0.015360 0.015362 0.015363 0.015363 0.015363 0.015362 0.015361 0.015359 0.015357 0.015354 0.015350 0.015346 0.015341 0.015336 0.015330 0.015323 0.015316 0.015309 0.015301 0.015292 0.015282 0.015272 0.015262 0.015251 0.015239 0.015227 0.015214 0.015201 0.015187 0.015172 0.015157 0.015141 0.015125 0.015108 0.015091 0.015073 0.015055 0.015036 0.015016 0.014996 0.014975 0.014954 0.014932 0.014909 0.014886 0.014863 0.014839 0.014814 0.014789 0.014763 0.014737 0.014710 0.014682 0.014654 0.014626 0.014596 0.014567 0.014537 0.014506 0.014475 0.014443 0.014410 0.014377 0.014344 0.014310 0.014275 0.014240 0.014205 0.014168 0.014132 0.014095 0.014057 0.014019 0.013980 0.013940 0.013901 0.013860 0.013819 0.013778 0.013736 0.013694 0.013651 0.013607 0.013563 0.013519 0.013474 0.013428 0.013382 0.013336 0.013289 0.013241 0.013193 0.013144 0.013095 0.013046 0.012996 0.012946 0.012895 0.012843 0.012791 0.012739 0.012686 0.012632 0.012579 0.012524 0.012470 0.012414 0.012359 0.012302 0.012246 0.012189 0.012131 0.012073 0.012015 0.011956 0.011896 0.011836 0.011776 0.011715 0.011654 0.011593 0.011531 0.011468 0.011405 0.011342 0.011278 0.011214 0.011150 0.011085 0.011019 0.010953 0.010887 0.010820 0.010753 0.010686 0.010618 0.010550 0.010481 0.010412 0.010343 0.010273 0.010202 0.010132 0.010061 0.009990 0.009918 0.009846 0.009773 0.009700 0.009627 0.009554 0.009480 0.009405 0.009331 0.009256 0.009180 0.009105 0.009029 0.008952 0.008876 0.008799 0.008721 0.008643 0.008565 0.008487 0.008408 0.008329 0.008250 0.008171 0.008091 0.008010 0.007930 0.007849 0.007768 0.007687 0.007605 0.007523 0.007441 0.007358 0.007275 0.007192 0.007109 0.007025 0.006941 0.006857 0.006773 0.006688 0.006603 0.006518 0.006433 0.006347 0.006261 0.006175 0.006089 0.006002 0.005916 0.005829 0.005741 0.005654 0.005566 0.005478 0.005390 0.005302 0.005214 0.005125 0.005036 0.004947 0.004858 0.004768 0.004679 0.004589 0.004499 0.004409 0.004319 0.004228 0.004138 0.004047 0.003956 0.003865 0.003774 0.003682 0.003591 0.003499 0.003407 0.003316 0.003224 0.003131 0.003039 0.002947 0.002854 0.002762 0.002669 0.002576 0.002484 0.002391 0.002298 0.002204 0.002111 0.002018 0.001925 0.001831 0.001738 0.001644 0.001551 0.001457 0.001363 0.001269 0.001175 0.001082 0.000988 0.000894 0.000800 0.000706 0.000612 0.000518 0.000424 0.000329 0.000235 0.000141 0.000047 
 gpu diagonal elements of v (4000 step)
0.000047 0.000141 0.000235 0.000329 0.000424 0.000518 0.000612 0.000706 0.000800 0.000894 0.000988 0.001081 0.001175 0.001269 0.001363 0.001457 0.001550 0.001644 0.001737 0.001831 0.001924 0.002018 0.002111 0.002204 0.002297 0.002390 0.002483 0.002576 0.002669 0.002761 0.002854 0.002946 0.003038 0.003131 0.003223 0.003314 0.003406 0.003498 0.003590 0.003681 0.003772 0.003863 0.003954 0.004045 0.004136 0.004226 0.004317 0.004407 0.004497 0.004587 0.004676 0.004766 0.004855 0.004944 0.005033 0.005122 0.005211 0.005299 0.005387 0.005475 0.005563 0.005651 0.005738 0.005825 0.005912 0.005999 0.006085 0.006171 0.006257 0.006343 0.006429 0.006514 0.006599 0.006684 0.006768 0.006852 0.006936 0.007020 0.007104 0.007187 0.007270 0.007352 0.007435 0.007517 0.007599 0.007680 0.007762 0.007843 0.007923 0.008004 0.008084 0.008163 0.008243 0.008322 0.008401 0.008479 0.008557 0.008635 0.008713 0.008790 0.008867 0.008943 0.009020 0.009095 0.009171 0.009246 0.009321 0.009395 0.009470 0.009543 0.009617 0.009690 0.009762 0.009835 0.009907 0.009978 0.010049 0.010120 0.010191 0.010261 0.010330 0.010400 0.010468 0.010537 0.010605 0.010673 0.010740 0.010807 0.010873 0.010939 0.011005 0.011070 0.011135 0.011199 0.011263 0.011327 0.011390 0.011452 0.011515 0.011577 0.011638 0.011699 0.011759 0.011819 0.011879 0.011938 0.011997 0.012055 0.012113 0.012170 0.012227 0.012283 0.012339 0.012395 0.012450 0.012504 0.012559 0.012612 0.012665 0.012718 0.012770 0.012822 0.012873 0.012924 0.012974 0.013024 0.013073 0.013122 0.013170 0.013218 0.013265 0.013312 0.013358 0.013404 0.013449 0.013494 0.013538 0.013582 0.013625 0.013668 0.013710 0.013752 0.013793 0.013833 0.013874 0.013913 0.013952 0.013991 0.014029 0.014066 0.014103 0.014140 0.014175 0.014211 0.014246 0.014280 0.014314 0.014347 0.014380 0.014412 0.014443 0.014474 0.014505 0.014535 0.014564 0.014593 0.014621 0.014649 0.014676 0.014703 0.014729 0.014754 0.014779 0.014804 0.014828 0.014851 0.014874 0.014896 0.014917 0.014938 0.014959 0.014979 0.014998 0.015017 0.015035 0.015053 0.015070 0.015086 0.015102 0.015118 0.015133 0.015147 0.015160 0.015174 0.015186 0.015198 0.015209 0.015220 0.015230 0.015240 0.015249 0.015258 0.015266 0.015273 0.015280 0.015286 0.015292 0.015297 0.015301 0.015305 0.015308 0.015311 0.015313 0.015315 0.015316 0.015316 0.015316 0.015315 0.015314 0.015312 0.015310 0.015307 0.015303 0.015299 0.015294 0.015289 0.015283 0.015276 0.015269 0.015262 0.015253 0.015245 0.015235 0.015225 0.015215 0.015204 0.015192 0.015180 0.015167 0.015154 0.015140 0.015125 0.015110 0.015094 0.015078 0.015061 0.015044 0.015026 0.015008 0.014989 0.014969 0.014949 0.014928 0.014907 0.014885 0.014862 0.014839 0.014816 0.014792 0.014767 0.014742 0.014716 0.014689 0.014663 0.014635 0.014607 0.014579 0.014549 0.014520 0.014490 0.014459 0.014427 0.014396 0.014363 0.014330 0.014297 0.014263 0.014228 0.014193 0.014158 0.014121 0.014085 0.014048 0.014010 0.013972 0.013933 0.013893 0.013854 0.013813 0.013772 0.013731 0.013689 0.013646 0.013604 0.013560 0.013516 0.013472 0.013427 0.013381 0.013335 0.013288 0.013241 0.013194 0.013146 0.013097 0.013048 0.012999 0.012949 0.012898 0.012847 0.012796 0.012744 0.012692 0.012639 0.012585 0.012532 0.012477 0.012422 0.012367 0.012312 0.012255 0.012199 0.012142 0.012084 0.012026 0.011968 0.011909 0.011849 0.011789 0.011729 0.011668 0.011607 0.011546 0.011484 0.011421 0.011358 0.011295 0.011231 0.011167 0.011102 0.011037 0.010972 0.010906 0.010840 0.010773 0.010706 0.010639 0.010571 0.010503 0.010434 0.010365 0.010295 0.010226 0.010155 0.010085 0.010014 0.009942 0.009871 0.009799 0.009726 0.009653 0.009580 0.009506 0.009433 0.009358 0.009284 0.009209 0.009133 0.009058 0.008982 0.008905 0.008828 0.008751 0.008674 0.008596 0.008518 0.008440 0.008361 0.008282 0.008203 0.008123 0.008044 0.007963 0.007883 0.007802 0.007721 0.007640 0.007558 0.007476 0.007394 0.007311 0.007228 0.007145 0.007062 0.006978 0.006894 0.006810 0.006726 0.006641 0.006556 0.006471 0.006386 0.006300 0.006214 0.006128 0.006042 0.005955 0.005868 0.005781 0.005694 0.005607 0.005519 0.005431 0.005343 0.005255 0.005166 0.005078 0.004989 0.004900 0.004811 0.004721 0.004632 0.004542 0.004452 0.004362 0.004271 0.004181 0.004090 0.004000 0.003909 0.003818 0.003727 0.003635 0.003544 0.003452 0.003360 0.003269 0.003177 0.003084 0.002992 0.002900 0.002807 0.002715 0.002622 0.002529 0.002437 0.002344 0.002251 0.002157 0.002064 0.001971 0.001878 0.001784 0.001691 0.001597 0.001503 0.001410 0.001316 0.001222 0.001128 0.001035 0.000941 0.000847 0.000753 0.000659 0.000565 0.000471 0.000376 0.000282 0.000188 0.000094 -0.000000 -0.000094 -0.000188 -0.000282 -0.000376 -0.000471 -0.000565 -0.000659 -0.000753 -0.000847 -0.000941 -0.001035 -0.001129 -0.001222 -0.001316 -0.001410 -0.001504 -0.001597 -0.001691 -0.001784 -0.001878 -0.001971 -0.002065 -0.002158 -0.002251 -0.002344 -0.002437 -0.002530 -0.002623 -0.002716 -0.002808 -0.002901 -0.002993 -0.003085 -0.003178 -0.003270 -0.003362 -0.003453 -0.003545 -0.003637 -0.003728 -0.003819 -0.003910 -0.004001 -0.004092 -0.004183 -0.004273 -0.004364 -0.004454 -0.004544 -0.004634 -0.004723 -0.004813 -0.004902 -0.004991 -0.005080 -0.005169 -0.005258 -0.005346 -0.005434 -0.005522 -0.005610 -0.005698 -0.005785 -0.005872 -0.005959 -0.006046 -0.006132 -0.006218 -0.006304 -0.006390 -0.006476 -0.006561 -0.006646 -0.006731 -0.006815 -0.006899 -0.006983 -0.007067 -0.007151 -0.007234 -0.007317 -0.007400 -0.007482 -0.007564 -0.007646 -0.007727 -0.007809 -0.007890 -0.007970 -0.008051 -0.008131 -0.008210 -0.008290 -0.008369 -0.008448 -0.008526 -0.008604 -0.008682 -0.008760 -0.008837 -0.008914 -0.008990 -0.009067 -0.009143 -0.009218 -0.009293 -0.009368 -0.009443 -0.009517 -0.009590 -0.009664 -0.009737 -0.009809 -0.009882 -0.009954 -0.010025 -0.010096 -0.010167 -0.010238 -0.010308 -0.010377 -0.010447 -0.010515 -0.010584 -0.010652 -0.010720 -0.010787 -0.010854 -0.010920 -0.010986 -0.011052 -0.011117 -0.011182 -0.011246 -0.011310 -0.011374 -0.011437 -0.011500 -0.011562 -0.011624 -0.011685 -0.011746 -0.011806 -0.011866 -0.011926 -0.011985 -0.012044 -0.012102 -0.012160 -0.012217 -0.012274 -0.012331 -0.012387 -0.012442 -0.012497 -0.012552 -0.012606 -0.012659 -0.012712 -0.012765 -0.012817 -0.012869 -0.012920 -0.012971 -0.013021 -0.013071 -0.013120 -0.013169 -0.013217 -0.013265 -0.013312 -0.013359 -0.013405 -0.013451 -0.013496 -0.013541 -0.013585 -0.013629 -0.013672 -0.013715 -0.013757 -0.013799 -0.013840 -0.013880 -0.013921 -0.013960 -0.013999 -0.014038 -0.014076 -0.014113 -0.014150 -0.014187 -0.014223 -0.014258 -0.014293 -0.014327 -0.014361 -0.014394 -0.014427 -0.014459 -0.014490 -0.014521 -0.014552 -0.014582 -0.014611 -0.014640 -0.014668 -0.014696 -0.014723 -0.014750 -0.014776 -0.014801 -0.014826 -0.014851 -0.014875 -0.014898 -0.014921 -0.014943 -0.014964 -0.014985 -0.015006 -0.015026 -0.015045 -0.015064 -0.015082 -0.015100 -0.015117 -0.015133 -0.015149 -0.015165 -0.015180 -0.015194 -0.015208 -0.015221 -0.015233 -0.015245 -0.015256 -0.015267 -0.015277 -0.015287 -0.015296 -0.015305 -0.015313 -0.015320 -0.015327 -0.015333 -0.015339 -0.015344 -0.015348 -0.015352 -0.015355 -0.015358 -0.015360 -0.015362 -0.015363 -0.015363 -0.015363 -0.015362 -0.015361 -0.015359 -0.015357 -0.015354 -0.015350 -0.015346 -0.015341 -0.015336 -0.015330 -0.015323 -0.015316 -0.015309 -0.015301 -0.015292 -0.015282 -0.015272 -0.015262 -0.015251 -0.015239 -0.015227 -0.015214 -0.015201 -0.015187 -0.015172 -0.015157 -0.015142 -0.015125 -0.015108 -0.015091 -0.015073 -0.015055 -0.015036 -0.015016 -0.014996 -0.014975 -0.014954 -0.014932 -0.014909 -0.014886 -0.014863 -0.014839 -0.014814 -0.014789 -0.014763 -0.014737 -0.014710 -0.014682 -0.014654 -0.014626 -0.014596 -0.014567 -0.014537 -0.014506 -0.014475 -0.014443 -0.014410 -0.014377 -0.014344 -0.014310 -0.014275 -0.014240 -0.014205 -0.014168 -0.014132 -0.014095 -0.014057 -0.014019 -0.013980 -0.013940 -0.013901 -0.013860 -0.013819 -0.013778 -0.013736 -0.013694 -0.013651 -0.013607 -0.013563 -0.013519 -0.013474 -0.013428 -0.013382 -0.013336 -0.013289 -0.013241 -0.013193 -0.013144 -0.013095 -0.013046 -0.012996 -0.012946 -0.012895 -0.012843 -0.012791 -0.012739 -0.012686 -0.012632 -0.012579 -0.012524 -0.012470 -0.012414 -0.012359 -0.012302 -0.012246 -0.012189 -0.012131 -0.012073 -0.012015 -0.011956 -0.011896 -0.011836 -0.011776 -0.011715 -0.011654 -0.011593 -0.011531 -0.011468 -0.011405 -0.011342 -0.011278 -0.011214 -0.011150 -0.011085 -0.011019 -0.010953 -0.010887 -0.010820 -0.010753 -0.010686 -0.010618 -0.010550 -0.010481 -0.010412 -0.010343 -0.010273 -0.010202 -0.010132 -0.010061 -0.009990 -0.009918 -0.009846 -0.009773 -0.009700 -0.009627 -0.009554 -0.009480 -0.009405 -0.009331 -0.009256 -0.009180 -0.009105 -0.009029 -0.008952 -0.008876 -0.008798 -0.008721 -0.008643 -0.008565 -0.008487 -0.008408 -0.008329 -0.008250 -0.008171 -0.008091 -0.008010 -0.007930 -0.007849 -0.007768 -0.007687 -0.007605 -0.007523 -0.007441 -0.007358 -0.007275 -0.007192 -0.007109 -0.007025 -0.006941 -0.006857 -0.006773 -0.006688 -0.006603 -0.006518 -0.006433 -0.006347 -0.006261 -0.006175 -0.006089 -0.006002 -0.005916 -0.005829 -0.005741 -0.005654 -0.005566 -0.005478 -0.005390 -0.005302 -0.005213 -0.005125 -0.005036 -0.004947 -0.004858 -0.004768 -0.004679 -0.004589 -0.004499 -0.004409 -0.004319 -0.004228 -0.004138 -0.004047 -0.003956 -0.003865 -0.003774 -0.003682 -0.003591 -0.003499 -0.003407 -0.003316 -0.003224 -0.003131 -0.003039 -0.002947 -0.002854 -0.002762 -0.002669 -0.002576 -0.002484 -0.002391 -0.002298 -0.002204 -0.002111 -0.002018 -0.001925 -0.001831 -0.001738 -0.001644 -0.001551 -0.001457 -0.001363 -0.001269 -0.001175 -0.001082 -0.000988 -0.000894 -0.000800 -0.000706 -0.000612 -0.000518 -0.000424 -0.000329 -0.000235 -0.000141 -0.000047 0.000047 0.000141 0.000235 0.000329 0.000424 0.000518 0.000612 0.000706 0.000800 0.000894 0.000988 0.001081 0.001175 0.001269 0.001363 0.001457 0.001550 0.001644 0.001737 0.001831 0.001924 0.002018 0.002111 0.002204 0.002297 0.002390 0.002483 0.002576 0.002669 0.002761 0.002854 0.002946 0.003038 0.003131 0.003223 0.003314 0.003406 0.003498 0.003590 0.003681 0.003772 0.003863 0.003954 0.004045 0.004136 0.004226 0.004317 0.004407 0.004497 0.004587 0.004676 0.004766 0.004855 0.004944 0.005033 0.005122 0.005211 0.005299 0.005387 0.005475 0.005563 0.005651 0.005738 0.005825 0.005912 0.005999 0.006085 0.006171 0.006257 0.006343 0.006429 0.006514 0.006599 0.006684 0.006768 0.006852 0.006936 0.007020 0.007104 0.007187 0.007270 0.007352 0.007435 0.007517 0.007599 0.007680 0.007762 0.007843 0.007923 0.008004 0.008084 0.008163 0.008243 0.008322 0.008401 0.008479 0.008557 0.008635 0.008713 0.008790 0.008867 0.008943 0.009020 0.009095 0.009171 0.009246 0.009321 0.009395 0.009470 0.009543 0.009617 0.009690 0.009762 0.009835 0.009907 0.009978 0.010049 0.010120 0.010191 0.010261 0.010330 0.010400 0.010468 0.010537 0.010605 0.010673 0.010740 0.010807 0.010873 0.010939 0.011005 0.011070 0.011135 0.011199 0.011263 0.011327 0.011390 0.011452 0.011515 0.011577 0.011638 0.011699 0.011759 0.011819 0.011879 0.011938 0.011997 0.012055 0.012113 0.012170 0.012227 0.012283 0.012339 0.012395 0.012450 0.012504 0.012559 0.012612 0.012665 0.012718 0.012770 0.012822 0.012873 0.012924 0.012974 0.013024 0.013073 0.013122 0.013170 0.013218 0.013265 0.013312 0.013358 0.013404 0.013449 0.013494 0.013538 0.013582 0.013625 0.013668 0.013710 0.013752 0.013793 0.013833 0.013874 0.013913 0.013952 0.013991 0.014029 0.014066 0.014103 0.014140 0.014175 0.014211 0.014246 0.014280 0.014314 0.014347 0.014380 0.014412 0.014443 0.014474 0.014505 0.014535 0.014564 0.014593 0.014621 0.014649 0.014676 0.014703 0.014729 0.014754 0.014779 0.014804 0.014828 0.014851 0.014874 0.014896 0.014917 0.014938 0.014959 0.014979 0.014998 0.015017 0.015035 0.015053 0.015070 0.015086 0.015102 0.015118 0.015133 0.015147 0.015160 0.015174 0.015186 0.015198 0.015209 0.015220 0.015230 0.015240 0.015249 0.015258 0.015266 0.015273 0.015280 0.015286 0.015292 0.015297 0.015301 0.015305 0.015308 0.015311 0.015313 0.015315 0.015316 0.015316 0.015316 0.015315 0.015314 0.015312 0.015310 0.015307 0.015303 0.015299 0.015294 0.015289 0.015283 0.015276 0.015269 0.015262 0.015253 0.015245 0.015235 0.015225 0.015215 0.015204 0.015192 0.015180 0.015167 0.015154 0.015140 0.015125 0.015110 0.015094 0.015078 0.015061 0.015044 0.015026 0.015008 0.014989 0.014969 0.014949 0.014928 0.014907 0.014885 0.014862 0.014839 0.014816 0.014792 0.014767 0.014742 0.014716 0.014689 0.014663 0.014635 0.014607 0.014579 0.014549 0.014520 0.014490 0.014459 0.014427 0.014396 0.014363 0.014330 0.014297 0.014263 0.014228 0.014193 0.014158 0.014121 0.014085 0.014048 0.014010 0.013972 0.013933 0.013893 0.013854 0.013813 0.013772 0.013731 0.013689 0.013646 0.013604 0.013560 0.013516 0.013472 0.013427 0.013381 0.013335 0.013288 0.013241 0.013194 0.013146 0.013097 0.013048 0.012999 0.012949 0.012898 0.012847 0.012796 0.012744 0.012692 0.012639 0.012585 0.012532 0.012477 0.012422 0.012367 0.012312 0.012255 0.012199 0.012142 0.012084 0.012026 0.011968 0.011909 0.011849 0.011789 0.011729 0.011668 0.011607 0.011546 0.011484 0.011421 0.011358 0.011295 0.011231 0.011167 0.011102 0.011037 0.010972 0.010906 0.010840 0.010773 0.010706 0.010639 0.010571 0.010503 0.010434 0.010365 0.010295 0.010226 0.010155 0.010085 0.010014 0.009942 0.009871 0.009799 0.009726 0.009653 0.009580 0.009506 0.009433 0.009358 0.009284 0.009209 0.009133 0.009058 0.008982 0.008905 0.008828 0.008751 0.008674 0.008596 0.008518 0.008440 0.008361 0.008282 0.008203 0.008123 0.008044 0.007963 0.007883 0.007802 0.007721 0.007640 0.007558 0.007476 0.007394 0.007311 0.007228 0.007145 0.007062 0.006978 0.006894 0.006810 0.006726 0.006641 0.006556 0.006471 0.006386 0.006300 0.006214 0.006128 0.006042 0.005955 0.005868 0.005781 0.005694 0.005607 0.005519 0.005431 0.005343 0.005255 0.005166 0.005078 0.004989 0.004900 0.004811 0.004721 0.004632 0.004542 0.004452 0.004362 0.004271 0.004181 0.004090 0.004000 0.003909 0.003818 0.003727 0.003635 0.003544 0.003452 0.003360 0.003269 0.003177 0.003084 0.002992 0.002900 0.002807 0.002715 0.002622 0.002529 0.002437 0.002344 0.002251 0.002157 0.002064 0.001971 0.001878 0.001784 0.001691 0.001597 0.001503 0.001410 0.001316 0.001222 0.001128 0.001035 0.000941 0.000847 0.000753 0.000659 0.000565 0.000471 0.000376 0.000282 0.000188 0.000094 -0.000000 -0.000094 -0.000188 -0.000282 -0.000376 -0.000471 -0.000565 -0.000659 -0.000753 -0.000847 -0.000941 -0.001035 -0.001129 -0.001222 -0.001316 -0.001410 -0.001504 -0.001597 -0.001691 -0.001784 -0.001878 -0.001971 -0.002065 -0.002158 -0.002251 -0.002344 -0.002437 -0.002530 -0.002623 -0.002716 -0.002808 -0.002901 -0.002993 -0.003085 -0.003178 -0.003270 -0.003362 -0.003453 -0.003545 -0.003637 -0.003728 -0.003819 -0.003910 -0.004001 -0.004092 -0.004183 -0.004273 -0.004364 -0.004454 -0.004544 -0.004634 -0.004723 -0.004813 -0.004902 -0.004991 -0.005080 -0.005169 -0.005258 -0.005346 -0.005434 -0.005522 -0.005610 -0.005698 -0.005785 -0.005872 -0.005959 -0.006046 -0.006132 -0.006218 -0.006304 -0.006390 -0.006476 -0.006561 -0.006646 -0.006731 -0.006815 -0.006899 -0.006983 -0.007067 -0.007151 -0.007234 -0.007317 -0.007400 -0.007482 -0.007564 -0.007646 -0.007727 -0.007809 -0.007890 -0.007970 -0.008051 -0.008131 -0.008210 -0.008290 -0.008369 -0.008448 -0.008526 -0.008604 -0.008682 -0.008760 -0.008837 -0.008914 -0.008990 -0.009067 -0.009143 -0.009218 -0.009293 -0.009368 -0.009443 -0.009517 -0.009590 -0.009664 -0.009737 -0.009809 -0.009882 -0.009954 -0.010025 -0.010096 -0.010167 -0.010238 -0.010308 -0.010377 -0.010447 -0.010515 -0.010584 -0.010652 -0.010720 -0.010787 -0.010854 -0.010920 -0.010986 -0.011052 -0.011117 -0.011182 -0.011246 -0.011310 -0.011374 -0.011437 -0.011500 -0.011562 -0.011624 -0.011685 -0.011746 -0.011806 -0.011866 -0.011926 -0.011985 -0.012044 -0.012102 -0.012160 -0.012217 -0.012274 -0.012331 -0.012387 -0.012442 -0.012497 -0.012552 -0.012606 -0.012659 -0.012712 -0.012765 -0.012817 -0.012869 -0.012920 -0.012971 -0.013021 -0.013071 -0.013120 -0.013169 -0.013217 -0.013265 -0.013312 -0.013359 -0.013405 -0.013451 -0.013496 -0.013541 -0.013585 -0.013629 -0.013672 -0.013715 -0.013757 -0.013799 -0.013840 -0.013880 -0.013921 -0.013960 -0.013999 -0.014038 -0.014076 -0.014113 -0.014150 -0.014187 -0.014223 -0.014258 -0.014293 -0.014327 -0.014361 -0.014394 -0.014427 -0.014459 -0.014490 -0.014521 -0.014552 -0.014582 -0.014611 -0.014640 -0.014668 -0.014696 -0.014723 -0.014750 -0.014776 -0.014801 -0.014826 -0.014851 -0.014875 -0.014898 -0.014921 -0.014943 -0.014964 -0.014985 -0.015006 -0.015026 -0.015045 -0.015064 -0.015082 -0.015100 -0.015117 -0.015133 -0.015149 -0.015165 -0.015180 -0.015194 -0.015208 -0.015221 -0.015233 -0.015245 -0.015256 -0.015267 -0.015277 -0.015287 -0.015296 -0.015305 -0.015313 -0.015320 -0.015327 -0.015333 -0.015339 -0.015344 -0.015348 -0.015352 -0.015355 -0.015358 -0.015360 -0.015362 -0.015363 -0.015363 -0.015363 -0.015362 -0.015361 -0.015359 -0.015357 -0.015354 -0.015350 -0.015346 -0.015341 -0.015336 -0.015330 -0.015323 -0.015316 -0.015309 -0.015301 -0.015292 -0.015282 -0.015272 -0.015262 -0.015251 -0.015239 -0.015227 -0.015214 -0.015201 -0.015187 -0.015172 -0.015157 -0.015141 -0.015125 -0.015108 -0.015091 -0.015073 -0.015055 -0.015036 -0.015016 -0.014996 -0.014975 -0.014954 -0.014932 -0.014909 -0.014886 -0.014863 -0.014839 -0.014814 -0.014789 -0.014763 -0.014737 -0.014710 -0.014682 -0.014654 -0.014626 -0.014596 -0.014567 -0.014537 -0.014506 -0.014475 -0.014443 -0.014410 -0.014377 -0.014344 -0.014310 -0.014275 -0.014240 -0.014205 -0.014168 -0.014132 -0.014095 -0.014057 -0.014019 -0.013980 -0.013940 -0.013901 -0.013860 -0.013819 -0.013778 -0.013736 -0.013694 -0.013651 -0.013607 -0.013563 -0.013519 -0.013474 -0.013428 -0.013382 -0.013336 -0.013289 -0.013241 -0.013193 -0.013144 -0.013095 -0.013046 -0.012996 -0.012946 -0.012895 -0.012843 -0.012791 -0.012739 -0.012686 -0.012632 -0.012579 -0.012524 -0.012470 -0.012414 -0.012359 -0.012302 -0.012246 -0.012189 -0.012131 -0.012073 -0.012015 -0.011956 -0.011896 -0.011836 -0.011776 -0.011715 -0.011654 -0.011593 -0.011531 -0.011468 -0.011405 -0.011342 -0.011278 -0.011214 -0.011150 -0.011085 -0.011019 -0.010953 -0.010887 -0.010820 -0.010753 -0.010686 -0.010618 -0.010550 -0.010481 -0.010412 -0.010343 -0.010273 -0.010202 -0.010132 -0.010061 -0.009990 -0.009918 -0.009846 -0.009773 -0.009700 -0.009627 -0.009554 -0.009480 -0.009405 -0.009331 -0.009256 -0.009180 -0.009105 -0.009029 -0.008952 -0.008876 -0.008798 -0.008721 -0.008643 -0.008565 -0.008487 -0.008408 -0.008329 -0.008250 -0.008171 -0.008091 -0.008010 -0.007930 -0.007849 -0.007768 -0.007687 -0.007605 -0.007523 -0.007441 -0.007358 -0.007275 -0.007192 -0.007109 -0.007025 -0.006941 -0.006857 -0.006773 -0.006688 -0.006603 -0.006518 -0.006433 -0.006347 -0.006261 -0.006175 -0.006089 -0.006002 -0.005916 -0.005829 -0.005741 -0.005654 -0.005566 -0.005478 -0.005390 -0.005302 -0.005213 -0.005125 -0.005036 -0.004947 -0.004858 -0.004768 -0.004679 -0.004589 -0.004499 -0.004409 -0.004319 -0.004228 -0.004138 -0.004047 -0.003956 -0.003865 -0.003774 -0.003682 -0.003591 -0.003499 -0.003407 -0.003316 -0.003224 -0.003131 -0.003039 -0.002947 -0.002854 -0.002762 -0.002669 -0.002576 -0.002484 -0.002391 -0.002298 -0.002204 -0.002111 -0.002018 -0.001925 -0.001831 -0.001738 -0.001644 -0.001551 -0.001457 -0.001363 -0.001269 -0.001175 -0.001082 -0.000988 -0.000894 -0.000800 -0.000706 -0.000612 -0.000518 -0.000424 -0.000329 -0.000235 -0.000141 -0.000047 

 cycle number 3999 total computer time 9.060103, time per cycle 0.002266
 time (usec/step) 4.649662 and mflops 58634312.694420
 time (usec/step) 2068.476369 and mbps 95.096083
end file output complete
