Kokkos::OpenMP::initialize WARNING: OMP_PROC_BIND environment variable not set
  In general, for best performance with OpenMP 4.0 or better set OMP_PROC_BIND=spread and OMP_PLACES=threads
  For best performance with OpenMP 3.1 set OMP_PROC_BIND=true
  For unit testing set OMP_PROC_BIND=false
init file output complete
run complete...
model time (sec) = 360000
 gpu cycle number 3999 model time in hours 100.000000


 gpu diagonal elements of p (4000 steps)
50000.053285 50000.052771 50000.052032 50000.051069 50000.049888 50000.048493 50000.046891 50000.045088 50000.043092 50000.040911 50000.038555 50000.036034 50000.033359 50000.030540 50000.027591 50000.024524 50000.021352 50000.018088 50000.014747 50000.011343 50000.007890 50000.004403 50000.000898 49999.997388 49999.993890 49999.990418 49999.986987 49999.983611 49999.980306 49999.977085 49999.973962 49999.970951 49999.968064 49999.965314 49999.962712 49999.960270 49999.957998 49999.955906 49999.954003 49999.952296 49999.950794 49999.949503 49999.948428 49999.947574 49999.946944 49999.946542 49999.946368 49999.946424 49999.946710 49999.947223 49999.947963 49999.948926 49999.950107 49999.951502 49999.953105 49999.954908 49999.956905 49999.959086 49999.961442 49999.963963 49999.966639 49999.969458 49999.972407 49999.975474 49999.978647 49999.981911 49999.985252 49999.988657 49999.992110 49999.995597 49999.999102 50000.002612 50000.006110 50000.009582 50000.013013 50000.016388 50000.019693 50000.022914 50000.026037 50000.029048 50000.031934 50000.034684 50000.037286 50000.039727 50000.041999 50000.044090 50000.045993 50000.047699 50000.049201 50000.050492 50000.051567 50000.052421 50000.053050 50000.053453 50000.053626 50000.053570 50000.053285 50000.052771 50000.052032 50000.051069 50000.049888 50000.048493 50000.046891 50000.045088 50000.043092 50000.040911 50000.038555 50000.036034 50000.033359 50000.030540 50000.027591 50000.024524 50000.021352 50000.018088 50000.014747 50000.011343 50000.007890 50000.004403 50000.000898 49999.997388 49999.993890 49999.990418 49999.986987 49999.983611 49999.980306 49999.977085 49999.973962 49999.970951 49999.968064 49999.965314 49999.962712 49999.960270 49999.957998 49999.955906 49999.954003 49999.952296 49999.950794 49999.949503 49999.948428 49999.947574 49999.946944 49999.946542 49999.946368 49999.946424 49999.946710 49999.947223 49999.947963 49999.948926 49999.950107 49999.951502 49999.953105 49999.954908 49999.956905 49999.959086 49999.961442 49999.963963 49999.966639 49999.969458 49999.972407 49999.975474 49999.978647 49999.981911 49999.985252 49999.988657 49999.992110 49999.995597 49999.999102 50000.002612 50000.006110 50000.009582 50000.013013 50000.016388 50000.019693 50000.022914 50000.026037 50000.029048 50000.031934 50000.034684 50000.037286 50000.039727 50000.041999 50000.044091 50000.045994 50000.047700 50000.049201 50000.050492 50000.051567 50000.052421 50000.053051 50000.053453 50000.053627 50000.053571 
 gpu diagonal elements of u (4000 steps)
-0.005356 -0.016027 -0.026618 -0.037084 -0.047379 -0.057460 -0.067283 -0.076807 -0.085990 -0.094794 -0.103180 -0.111113 -0.118559 -0.125486 -0.131863 -0.137665 -0.142866 -0.147443 -0.151378 -0.154653 -0.157254 -0.159170 -0.160394 -0.160919 -0.160743 -0.159868 -0.158296 -0.156036 -0.153095 -0.149488 -0.145229 -0.140337 -0.134832 -0.128739 -0.122082 -0.114892 -0.107198 -0.099033 -0.090433 -0.081435 -0.072076 -0.062397 -0.052439 -0.042245 -0.031859 -0.021325 -0.010689 0.000005 0.010711 0.021382 0.031972 0.042438 0.052733 0.062814 0.072637 0.082161 0.091344 0.100148 0.108534 0.116467 0.123913 0.130840 0.137218 0.143019 0.148220 0.152797 0.156732 0.160007 0.162608 0.164524 0.165748 0.166273 0.166097 0.165222 0.163651 0.161390 0.158450 0.154842 0.150583 0.145691 0.140186 0.134093 0.127436 0.120246 0.112552 0.104388 0.095788 0.086789 0.077430 0.067751 0.057793 0.047600 0.037213 0.026680 0.016043 0.005349 -0.005356 -0.016027 -0.026618 -0.037084 -0.047379 -0.057460 -0.067283 -0.076807 -0.085990 -0.094794 -0.103180 -0.111113 -0.118559 -0.125486 -0.131863 -0.137665 -0.142866 -0.147443 -0.151378 -0.154653 -0.157254 -0.159170 -0.160394 -0.160919 -0.160743 -0.159868 -0.158296 -0.156036 -0.153095 -0.149488 -0.145229 -0.140337 -0.134832 -0.128739 -0.122082 -0.114892 -0.107198 -0.099033 -0.090433 -0.081435 -0.072076 -0.062397 -0.052439 -0.042245 -0.031859 -0.021325 -0.010689 0.000005 0.010711 0.021382 0.031973 0.042438 0.052733 0.062814 0.072637 0.082161 0.091344 0.100148 0.108534 0.116467 0.123913 0.130840 0.137218 0.143019 0.148220 0.152797 0.156732 0.160007 0.162608 0.164524 0.165748 0.166273 0.166097 0.165222 0.163651 0.161390 0.158450 0.154842 0.150583 0.145691 0.140186 0.134093 0.127436 0.120246 0.112552 0.104388 0.095788 0.086789 0.077430 0.067751 0.057793 0.047600 0.037213 0.026680 0.016043 0.005349 
 gpu diagonal elements of v (4000 step)
0.005346 0.016017 0.026608 0.037074 0.047369 0.057450 0.067274 0.076798 0.085981 0.094785 0.103172 0.111105 0.118552 0.125479 0.131857 0.137659 0.142861 0.147439 0.151374 0.154649 0.157251 0.159168 0.160392 0.160918 0.160743 0.159869 0.158298 0.156038 0.153098 0.149492 0.145233 0.140342 0.134837 0.128745 0.122089 0.114899 0.107205 0.099041 0.090442 0.081443 0.072085 0.062406 0.052449 0.042255 0.031869 0.021336 0.010699 0.000005 -0.010700 -0.021371 -0.031962 -0.042428 -0.052723 -0.062804 -0.072628 -0.082152 -0.091335 -0.100139 -0.108526 -0.116460 -0.123906 -0.130833 -0.137211 -0.143013 -0.148215 -0.152793 -0.156728 -0.160004 -0.162605 -0.164522 -0.165746 -0.166272 -0.166097 -0.165223 -0.163652 -0.161392 -0.158452 -0.154846 -0.150587 -0.145696 -0.140192 -0.134099 -0.127443 -0.120253 -0.112559 -0.104395 -0.095796 -0.086797 -0.077439 -0.067760 -0.057803 -0.047609 -0.037224 -0.026690 -0.016053 -0.005359 0.005346 0.016017 0.026608 0.037074 0.047369 0.057450 0.067274 0.076798 0.085981 0.094785 0.103172 0.111105 0.118552 0.125479 0.131857 0.137659 0.142861 0.147439 0.151374 0.154649 0.157251 0.159168 0.160392 0.160918 0.160743 0.159869 0.158298 0.156038 0.153098 0.149492 0.145233 0.140342 0.134837 0.128745 0.122089 0.114899 0.107205 0.099041 0.090442 0.081443 0.072085 0.062406 0.052449 0.042255 0.031869 0.021336 0.010699 0.000005 -0.010700 -0.021371 -0.031962 -0.042428 -0.052723 -0.062804 -0.072628 -0.082152 -0.091335 -0.100140 -0.108526 -0.116460 -0.123906 -0.130833 -0.137211 -0.143013 -0.148215 -0.152793 -0.156728 -0.160004 -0.162605 -0.164522 -0.165746 -0.166272 -0.166097 -0.165223 -0.163652 -0.161392 -0.158452 -0.154846 -0.150587 -0.145696 -0.140192 -0.134099 -0.127443 -0.120253 -0.112559 -0.104395 -0.095796 -0.086797 -0.077439 -0.067760 -0.057803 -0.047609 -0.037224 -0.026690 -0.016053 -0.005359 

 cycle number 3999 total computer time 0.085317, time per cycle 0.000021
 time (usec/step) 4.090773 and mflops 585747.529800
 time (usec/step) 15.370093 and mbps 1205.457935
end file output complete
