 number of points in the x direction 128
 number of points in the y direction 128
 grid spacing in the x direction     100000.000000
 grid spacing in the y direction     100000.000000
 time step                           90.000000
 time filter parameter               0.001000


 initial diagonal elements of p
50000.120479 50000.119898 50000.118164 50000.115291 50000.111308 50000.106253 50000.100174 50000.093131 50000.085191 50000.076431 50000.066934 50000.056793 50000.046105 50000.034973 50000.023504 50000.011809 50000.000000 49999.988191 49999.976496 49999.965027 49999.953895 49999.943207 49999.933066 49999.923569 49999.914809 49999.906869 49999.899826 49999.893747 49999.888692 49999.884709 49999.881836 49999.880102 49999.879521 49999.880102 49999.881836 49999.884709 49999.888692 49999.893747 49999.899826 49999.906869 49999.914809 49999.923569 49999.933066 49999.943207 49999.953895 49999.965027 49999.976496 49999.988191 50000.000000 50000.011809 50000.023504 50000.034973 50000.046105 50000.056793 50000.066934 50000.076431 50000.085191 50000.093131 50000.100174 50000.106253 50000.111308 50000.115291 50000.118164 50000.119898 50000.120479 50000.119898 50000.118164 50000.115291 50000.111308 50000.106253 50000.100174 50000.093131 50000.085191 50000.076431 50000.066934 50000.056793 50000.046105 50000.034973 50000.023504 50000.011809 50000.000000 49999.988191 49999.976496 49999.965027 49999.953895 49999.943207 49999.933066 49999.923569 49999.914809 49999.906869 49999.899826 49999.893747 49999.888692 49999.884709 49999.881836 49999.880102 49999.879521 49999.880102 49999.881836 49999.884709 49999.888692 49999.893747 49999.899826 49999.906869 49999.914809 49999.923569 49999.933066 49999.943207 49999.953895 49999.965027 49999.976496 49999.988191 50000.000000 50000.011809 50000.023504 50000.034973 50000.046105 50000.056793 50000.066934 50000.076431 50000.085191 50000.093131 50000.100174 50000.106253 50000.111308 50000.115291 50000.118164 50000.119898 
 initial diagonal elements of u
-0.012031 -0.035933 -0.059432 -0.082300 -0.104317 -0.125272 -0.144963 -0.163199 -0.179806 -0.194623 -0.207507 -0.218336 -0.227003 -0.233427 -0.237544 -0.239316 -0.238725 -0.235777 -0.230500 -0.222945 -0.213185 -0.201315 -0.187447 -0.171716 -0.154274 -0.135288 -0.114941 -0.093428 -0.070959 -0.047747 -0.024018 0.000000 0.024076 0.047979 0.071477 0.094345 0.116363 0.137318 0.157008 0.175244 0.191851 0.206668 0.219553 0.230381 0.239049 0.245472 0.249589 0.251361 0.250770 0.247822 0.242545 0.234991 0.225231 0.213360 0.199493 0.183762 0.166319 0.147333 0.126986 0.105474 0.083004 0.059793 0.036064 0.012045 -0.012031 -0.035933 -0.059432 -0.082300 -0.104317 -0.125272 -0.144963 -0.163199 -0.179806 -0.194623 -0.207507 -0.218336 -0.227003 -0.233427 -0.237544 -0.239316 -0.238725 -0.235777 -0.230500 -0.222945 -0.213185 -0.201315 -0.187447 -0.171716 -0.154274 -0.135288 -0.114941 -0.093428 -0.070959 -0.047747 -0.024018 0.000000 0.024076 0.047979 0.071477 0.094345 0.116363 0.137318 0.157008 0.175244 0.191851 0.206668 0.219553 0.230381 0.239049 0.245472 0.249589 0.251361 0.250770 0.247822 0.242545 0.234991 0.225231 0.213360 0.199493 0.183762 0.166319 0.147333 0.126986 0.105474 0.083004 0.059793 0.036064 0.012045 
 initial diagonal elements of v
0.012031 0.035933 0.059432 0.082300 0.104317 0.125272 0.144963 0.163199 0.179806 0.194623 0.207507 0.218336 0.227003 0.233427 0.237544 0.239316 0.238725 0.235777 0.230500 0.222945 0.213185 0.201315 0.187447 0.171716 0.154274 0.135288 0.114941 0.093428 0.070959 0.047747 0.024018 -0.000000 -0.024076 -0.047979 -0.071477 -0.094345 -0.116363 -0.137318 -0.157008 -0.175244 -0.191851 -0.206668 -0.219553 -0.230381 -0.239049 -0.245472 -0.249589 -0.251361 -0.250770 -0.247822 -0.242545 -0.234991 -0.225231 -0.213360 -0.199493 -0.183762 -0.166319 -0.147333 -0.126986 -0.105474 -0.083004 -0.059793 -0.036064 -0.012045 0.012031 0.035933 0.059432 0.082300 0.104317 0.125272 0.144963 0.163199 0.179806 0.194623 0.207507 0.218336 0.227003 0.233427 0.237544 0.239316 0.238725 0.235777 0.230500 0.222945 0.213185 0.201315 0.187447 0.171716 0.154274 0.135288 0.114941 0.093428 0.070959 0.047747 0.024018 -0.000000 -0.024076 -0.047979 -0.071477 -0.094345 -0.116363 -0.137318 -0.157008 -0.175244 -0.191851 -0.206668 -0.219553 -0.230381 -0.239049 -0.245472 -0.249589 -0.251361 -0.250770 -0.247822 -0.242545 -0.234991 -0.225231 -0.213360 -0.199493 -0.183762 -0.166319 -0.147333 -0.126986 -0.105474 -0.083004 -0.059793 -0.036064 -0.012045 


 diagonal elements of p (1st step)
50000.120479 50000.119898 50000.118164 50000.115291 50000.111308 50000.106253 50000.100174 50000.093131 50000.085191 50000.076431 50000.066934 50000.056793 50000.046105 50000.034973 50000.023504 50000.011809 50000.000000 49999.988191 49999.976496 49999.965027 49999.953895 49999.943207 49999.933066 49999.923569 49999.914809 49999.906869 49999.899826 49999.893747 49999.888692 49999.884709 49999.881836 49999.880102 49999.879521 49999.880102 49999.881836 49999.884709 49999.888692 49999.893747 49999.899826 49999.906869 49999.914809 49999.923569 49999.933066 49999.943207 49999.953895 49999.965027 49999.976496 49999.988191 50000.000000 50000.011809 50000.023504 50000.034973 50000.046105 50000.056793 50000.066934 50000.076431 50000.085191 50000.093131 50000.100174 50000.106253 50000.111308 50000.115291 50000.118164 50000.119898 50000.120479 50000.119898 50000.118164 50000.115291 50000.111308 50000.106253 50000.100174 50000.093131 50000.085191 50000.076431 50000.066934 50000.056793 50000.046105 50000.034973 50000.023504 50000.011809 50000.000000 49999.988191 49999.976496 49999.965027 49999.953895 49999.943207 49999.933066 49999.923569 49999.914809 49999.906869 49999.899826 49999.893747 49999.888692 49999.884709 49999.881836 49999.880102 49999.879521 49999.880102 49999.881836 49999.884709 49999.888692 49999.893747 49999.899826 49999.906869 49999.914809 49999.923569 49999.933066 49999.943207 49999.953895 49999.965027 49999.976496 49999.988191 50000.000000 50000.011809 50000.023504 50000.034973 50000.046105 50000.056793 50000.066934 50000.076431 50000.085191 50000.093131 50000.100174 50000.106253 50000.111308 50000.115291 50000.118164 50000.119898 
 diagonal elements of u (1st step)
-0.012032 -0.035934 -0.059432 -0.082300 -0.104318 -0.125273 -0.144963 -0.163199 -0.179806 -0.194623 -0.207508 -0.218336 -0.227003 -0.233427 -0.237544 -0.239316 -0.238725 -0.235776 -0.230500 -0.222945 -0.213185 -0.201314 -0.187447 -0.171716 -0.154274 -0.135287 -0.114940 -0.093428 -0.070958 -0.047747 -0.024018 0.000001 0.024077 0.047979 0.071478 0.094346 0.116363 0.137318 0.157009 0.175245 0.191851 0.206668 0.219553 0.230381 0.239049 0.245472 0.249589 0.251361 0.250770 0.247822 0.242545 0.234990 0.225231 0.213360 0.199492 0.183761 0.166319 0.147333 0.126986 0.105473 0.083004 0.059792 0.036063 0.012045 -0.012031 -0.035934 -0.059432 -0.082300 -0.104318 -0.125273 -0.144963 -0.163199 -0.179806 -0.194623 -0.207508 -0.218336 -0.227003 -0.233427 -0.237544 -0.239316 -0.238725 -0.235776 -0.230500 -0.222945 -0.213185 -0.201314 -0.187447 -0.171716 -0.154274 -0.135287 -0.114940 -0.093428 -0.070958 -0.047747 -0.024018 0.000001 0.024077 0.047979 0.071478 0.094346 0.116363 0.137318 0.157009 0.175245 0.191851 0.206668 0.219553 0.230381 0.239049 0.245472 0.249590 0.251361 0.250770 0.247822 0.242545 0.234990 0.225231 0.213360 0.199492 0.183761 0.166319 0.147333 0.126985 0.105473 0.083004 0.059792 0.036063 0.012045 
 diagonal elements of v (1st step)
0.012030 0.035933 0.059431 0.082299 0.104317 0.125272 0.144962 0.163199 0.179805 0.194622 0.207507 0.218335 0.227003 0.233426 0.237544 0.239316 0.238725 0.235777 0.230500 0.222945 0.213186 0.201315 0.187447 0.171717 0.154274 0.135288 0.114941 0.093429 0.070959 0.047748 0.024019 0.000000 -0.024076 -0.047978 -0.071477 -0.094345 -0.116362 -0.137317 -0.157008 -0.175244 -0.191851 -0.206668 -0.219552 -0.230381 -0.239048 -0.245472 -0.249589 -0.251361 -0.250770 -0.247822 -0.242545 -0.234991 -0.225231 -0.213360 -0.199493 -0.183762 -0.166320 -0.147334 -0.126986 -0.105474 -0.083005 -0.059793 -0.036064 -0.012046 0.012030 0.035933 0.059431 0.082299 0.104317 0.125272 0.144962 0.163199 0.179805 0.194622 0.207507 0.218335 0.227003 0.233426 0.237544 0.239316 0.238725 0.235777 0.230500 0.222945 0.213186 0.201315 0.187447 0.171717 0.154274 0.135288 0.114941 0.093429 0.070959 0.047748 0.024019 0.000000 -0.024076 -0.047978 -0.071477 -0.094345 -0.116362 -0.137317 -0.157008 -0.175244 -0.191851 -0.206668 -0.219553 -0.230381 -0.239048 -0.245472 -0.249589 -0.251361 -0.250770 -0.247822 -0.242545 -0.234991 -0.225231 -0.213360 -0.199493 -0.183762 -0.166320 -0.147333 -0.126986 -0.105474 -0.083004 -0.059793 -0.036064 -0.012046 

 update steps taken =  3999 simulated time in hours 100.000000


 diagonal elements of p (after 4000 steps)
50000.119032 50000.116270 50000.112389 50000.107426 50000.101428 50000.094453 50000.086569 50000.077851 50000.068383 50000.058256 50000.047568 50000.036421 50000.024924 50000.013185 50000.001320 49999.989441 49999.977663 49999.966100 49999.954862 49999.944059 49999.933794 49999.924167 49999.915269 49999.907188 49999.899999 49999.893775 49999.888573 49999.884444 49999.881428 49999.879555 49999.878841 49999.879295 49999.880911 49999.883675 49999.887559 49999.892526 49999.898528 49999.905508 49999.913397 49999.922121 49999.931595 49999.941727 49999.952420 49999.963570 49999.975072 49999.986812 49999.998680 50000.010559 50000.022337 50000.033898 50000.045133 50000.055932 50000.066193 50000.075815 50000.084707 50000.092784 50000.099966 50000.106186 50000.111383 50000.115507 50000.118520 50000.120390 50000.121102 50000.120648 50000.119032 50000.116271 50000.112389 50000.107426 50000.101428 50000.094453 50000.086568 50000.077851 50000.068383 50000.058256 50000.047568 50000.036421 50000.024924 50000.013185 50000.001320 49999.989441 49999.977663 49999.966100 49999.954862 49999.944059 49999.933795 49999.924167 49999.915270 49999.907188 49999.900000 49999.893775 49999.888573 49999.884444 49999.881428 49999.879555 49999.878841 49999.879295 49999.880911 49999.883674 49999.887559 49999.892526 49999.898528 49999.905507 49999.913397 49999.922121 49999.931594 49999.941726 49999.952419 49999.963570 49999.975072 49999.986813 49999.998680 50000.010559 50000.022337 50000.033898 50000.045133 50000.055933 50000.066193 50000.075815 50000.084707 50000.092784 50000.099966 50000.106186 50000.111383 50000.115507 50000.118520 50000.120391 50000.121102 50000.120648 
 diagonal elements of u (after 4000 steps)
-0.012019 -0.035922 -0.059420 -0.082289 -0.104306 -0.125262 -0.144953 -0.163190 -0.179797 -0.194615 -0.207501 -0.218330 -0.226999 -0.233423 -0.237542 -0.239315 -0.238725 -0.235778 -0.230502 -0.222949 -0.213190 -0.201320 -0.187454 -0.171724 -0.154282 -0.135297 -0.114950 -0.093439 -0.070970 -0.047759 -0.024030 -0.000012 0.024065 0.047967 0.071466 0.094334 0.116352 0.137307 0.156998 0.175235 0.191843 0.206661 0.219546 0.230376 0.239044 0.245469 0.249587 0.251360 0.250770 0.247823 0.242548 0.234994 0.225236 0.213366 0.199499 0.183770 0.166328 0.147342 0.126996 0.105485 0.083015 0.059804 0.036076 0.012057 -0.012019 -0.035922 -0.059420 -0.082289 -0.104307 -0.125262 -0.144953 -0.163190 -0.179797 -0.194615 -0.207501 -0.218330 -0.226999 -0.233423 -0.237542 -0.239315 -0.238725 -0.235778 -0.230502 -0.222949 -0.213190 -0.201320 -0.187454 -0.171724 -0.154282 -0.135297 -0.114950 -0.093439 -0.070970 -0.047759 -0.024030 -0.000012 0.024065 0.047967 0.071466 0.094334 0.116352 0.137307 0.156998 0.175235 0.191843 0.206661 0.219546 0.230376 0.239044 0.245469 0.249587 0.251360 0.250770 0.247823 0.242548 0.234994 0.225236 0.213366 0.199499 0.183770 0.166328 0.147342 0.126996 0.105484 0.083015 0.059804 0.036075 0.012057 
 diagonal elements of v (after 4000 step)
0.012043 0.035945 0.059443 0.082311 0.104328 0.125282 0.144972 0.163208 0.179814 0.194630 0.207514 0.218341 0.227007 0.233430 0.237546 0.239317 0.238724 0.235775 0.230497 0.222942 0.213181 0.201309 0.187441 0.171709 0.154266 0.135279 0.114931 0.093418 0.070948 0.047736 0.024007 -0.000012 -0.024088 -0.047991 -0.071489 -0.094357 -0.116374 -0.137328 -0.157018 -0.175254 -0.191859 -0.206675 -0.219559 -0.230386 -0.239053 -0.245475 -0.249592 -0.251362 -0.250770 -0.247821 -0.242543 -0.234987 -0.225226 -0.213354 -0.199486 -0.183754 -0.166311 -0.147324 -0.126976 -0.105463 -0.082993 -0.059782 -0.036052 -0.012034 0.012043 0.035945 0.059443 0.082311 0.104328 0.125282 0.144972 0.163208 0.179814 0.194630 0.207514 0.218341 0.227007 0.233430 0.237546 0.239317 0.238724 0.235775 0.230497 0.222942 0.213181 0.201309 0.187441 0.171709 0.154266 0.135279 0.114931 0.093418 0.070948 0.047736 0.024007 -0.000012 -0.024088 -0.047991 -0.071489 -0.094357 -0.116374 -0.137328 -0.157018 -0.175254 -0.191859 -0.206675 -0.219559 -0.230386 -0.239053 -0.245475 -0.249592 -0.251362 -0.250770 -0.247821 -0.242543 -0.234987 -0.225226 -0.213354 -0.199486 -0.183754 -0.166311 -0.147324 -0.126976 -0.105463 -0.082993 -0.059782 -0.036052 -0.012034 

 cycle number 3999 total computer time 0.689203 time per cycle 0.000172
 time and megaflops for update 0.688803 6182.863663
 time and megabytes/sec for copy 0.000087 18643613.792996
