 number of points in the x direction 48
 number of points in the y direction 48
 grid spacing in the x direction     100000.000000
 grid spacing in the y direction     100000.000000
 time step                           90.000000
 time filter parameter               0.001000


 initial diagonal elements of p
50000.856737 50000.827544 50000.741956 50000.605804 50000.428368 50000.221740 50000.000000 49999.778260 49999.571632 49999.394196 49999.258044 49999.172456 49999.143263 49999.172456 49999.258044 49999.394196 49999.571632 49999.778260 50000.000000 50000.221740 50000.428368 50000.605804 50000.741956 50000.827544 50000.856737 50000.827544 50000.741956 50000.605804 50000.428368 50000.221740 50000.000000 49999.778260 49999.571632 49999.394196 49999.258044 49999.172456 49999.143263 49999.172456 49999.258045 49999.394196 49999.571632 49999.778261 50000.000000 50000.221740 50000.428369 50000.605804 50000.741956 50000.827544 
 initial diagonal elements of u
-0.084820 -0.246495 -0.388457 -0.501031 -0.576546 -0.609855 -0.598689 -0.543807 -0.448951 -0.320585 -0.167456 0.000000 0.170371 0.332046 0.474009 0.586583 0.662098 0.695407 0.684240 0.629359 0.534502 0.406136 0.253007 0.085551 -0.084820 -0.246495 -0.388457 -0.501032 -0.576546 -0.609855 -0.598689 -0.543807 -0.448951 -0.320584 -0.167456 0.000000 0.170371 0.332047 0.474009 0.586583 0.662098 0.695407 0.684240 0.629358 0.534502 0.406136 0.253007 0.085551 
 initial diagonal elements of v
0.084820 0.246495 0.388457 0.501031 0.576546 0.609855 0.598689 0.543807 0.448951 0.320585 0.167456 -0.000000 -0.170371 -0.332046 -0.474009 -0.586583 -0.662098 -0.695407 -0.684240 -0.629359 -0.534502 -0.406136 -0.253007 -0.085551 0.084820 0.246495 0.388457 0.501032 0.576546 0.609855 0.598689 0.543807 0.448951 0.320584 0.167456 -0.000000 -0.170371 -0.332047 -0.474009 -0.586583 -0.662098 -0.695407 -0.684240 -0.629358 -0.534502 -0.406136 -0.253007 -0.085551 


 diagonal elements of p (1st step)
50000.856737 50000.827544 50000.741956 50000.605804 50000.428368 50000.221740 50000.000000 49999.778260 49999.571632 49999.394196 49999.258044 49999.172456 49999.143263 49999.172456 49999.258044 49999.394196 49999.571632 49999.778260 50000.000000 50000.221740 50000.428368 50000.605804 50000.741956 50000.827544 50000.856737 50000.827544 50000.741956 50000.605804 50000.428368 50000.221740 50000.000000 49999.778260 49999.571632 49999.394196 49999.258044 49999.172456 49999.143263 49999.172456 49999.258045 49999.394196 49999.571632 49999.778261 50000.000000 50000.221740 50000.428369 50000.605804 50000.741956 50000.827544 
 diagonal elements of u (1st step)
-0.084846 -0.246520 -0.388479 -0.501049 -0.576558 -0.609861 -0.598688 -0.543800 -0.448937 -0.320566 -0.167433 0.000026 0.170397 0.332072 0.474031 0.586601 0.662110 0.695412 0.684239 0.629351 0.534488 0.406117 0.252984 0.085526 -0.084846 -0.246520 -0.388479 -0.501049 -0.576558 -0.609861 -0.598688 -0.543800 -0.448937 -0.320566 -0.167433 0.000026 0.170397 0.332072 0.474031 0.586601 0.662110 0.695412 0.684239 0.629351 0.534488 0.406116 0.252984 0.085526 
 diagonal elements of v (1st step)
0.084794 0.246470 0.388435 0.501014 0.576534 0.609849 0.598689 0.543815 0.448965 0.320604 0.167479 0.000025 -0.170345 -0.332021 -0.473986 -0.586565 -0.662085 -0.695401 -0.684241 -0.629366 -0.534517 -0.406155 -0.253030 -0.085577 0.084794 0.246470 0.388435 0.501014 0.576534 0.609849 0.598689 0.543815 0.448965 0.320603 0.167479 0.000025 -0.170345 -0.332021 -0.473986 -0.586565 -0.662085 -0.695401 -0.684241 -0.629366 -0.534517 -0.406155 -0.253030 -0.085577 

 update steps taken =  3999 simulated time in hours 100.000000


 diagonal elements of p (after 4000 steps)
50000.780555 50000.642724 50000.461134 50000.248023 50000.017773 49999.785974 49999.568387 49999.379877 49999.233393 49999.139059 49999.103443 49999.129075 49999.214245 49999.353112 49999.536107 49999.750620 49999.981890 50000.214056 50000.431257 50000.618731 50000.763806 50000.856738 50000.891333 50000.865335 50000.780550 50000.642720 50000.461131 50000.248021 50000.017772 49999.785974 49999.568388 49999.379879 49999.233394 49999.139061 49999.103445 49999.129076 49999.214245 49999.353111 49999.536107 49999.750619 49999.981890 50000.214055 50000.431257 50000.618732 50000.763810 50000.856743 50000.891336 50000.865340 
 diagonal elements of u (after 4000 steps)
-0.084934 -0.246602 -0.388551 -0.501105 -0.576595 -0.609877 -0.598681 -0.543772 -0.448890 -0.320500 -0.167354 0.000114 0.170489 0.332160 0.474110 0.586665 0.662154 0.695433 0.684234 0.629322 0.534437 0.406048 0.252902 0.085438 -0.084934 -0.246603 -0.388551 -0.501105 -0.576595 -0.609877 -0.598681 -0.543772 -0.448889 -0.320500 -0.167354 0.000114 0.170489 0.332161 0.474110 0.586665 0.662154 0.695433 0.684234 0.629322 0.534437 0.406048 0.252902 0.085438 
 diagonal elements of v (after 4000 step)
0.084695 0.246376 0.388352 0.500946 0.576487 0.609825 0.598690 0.543840 0.449014 0.320673 0.167564 0.000121 -0.170246 -0.331926 -0.473902 -0.586497 -0.662039 -0.695380 -0.684246 -0.629397 -0.534571 -0.406229 -0.253118 -0.085673 0.084695 0.246376 0.388352 0.500946 0.576487 0.609825 0.598690 0.543840 0.449014 0.320673 0.167564 0.000121 -0.170246 -0.331926 -0.473902 -0.586497 -0.662039 -0.695380 -0.684246 -0.629397 -0.534571 -0.406229 -0.253118 -0.085673 

 cycle number 3999 total computer time 0.097317 time per cycle 0.000024
 time and megaflops for update 0.097069 6169.737403
 time and megabytes/sec for copy 0.000073 3286849.315094
