 number of points in the x direction 64
 number of points in the y direction 64
 grid spacing in the x direction     100000.000000
 grid spacing in the y direction     100000.000000
 time step                           90.000000
 time filter parameter               0.001000


 initial diagonal elements of p
50000.481914 50000.472654 50000.445231 50000.400697 50000.340765 50000.267737 50000.184421 50000.094017 50000.000000 49999.905983 49999.815579 49999.732263 49999.659235 49999.599303 49999.554769 49999.527346 49999.518086 49999.527346 49999.554769 49999.599303 49999.659235 49999.732263 49999.815579 49999.905983 50000.000000 50000.094017 50000.184421 50000.267737 50000.340765 50000.400697 50000.445231 50000.472654 50000.481914 50000.472654 50000.445231 50000.400697 50000.340765 50000.267737 50000.184421 50000.094017 50000.000000 49999.905983 49999.815579 49999.732263 49999.659235 49999.599303 49999.554769 49999.527346 49999.518086 49999.527346 49999.554769 49999.599303 49999.659235 49999.732263 49999.815580 49999.905983 50000.000000 50000.094017 50000.184421 50000.267737 50000.340765 50000.400697 50000.445231 50000.472654 
 initial diagonal elements of u
-0.047921 -0.141228 -0.228182 -0.305442 -0.370039 -0.419490 -0.451895 -0.466009 -0.461290 -0.437917 -0.396791 -0.339491 -0.268219 -0.185715 -0.095148 0.000000 0.096074 0.189380 0.276335 0.353595 0.418192 0.467643 0.500048 0.514162 0.509442 0.486070 0.444944 0.387644 0.316372 0.233868 0.143301 0.048153 -0.047921 -0.141228 -0.228182 -0.305442 -0.370039 -0.419490 -0.451895 -0.466009 -0.461290 -0.437917 -0.396791 -0.339491 -0.268219 -0.185715 -0.095148 0.000000 0.096074 0.189381 0.276335 0.353595 0.418192 0.467643 0.500048 0.514162 0.509442 0.486070 0.444944 0.387644 0.316372 0.233868 0.143301 0.048153 
 initial diagonal elements of v
0.047921 0.141228 0.228182 0.305442 0.370039 0.419490 0.451895 0.466009 0.461290 0.437917 0.396791 0.339491 0.268219 0.185715 0.095148 -0.000000 -0.096074 -0.189380 -0.276335 -0.353595 -0.418192 -0.467643 -0.500048 -0.514162 -0.509442 -0.486070 -0.444944 -0.387644 -0.316372 -0.233868 -0.143301 -0.048153 0.047921 0.141228 0.228182 0.305442 0.370039 0.419490 0.451895 0.466009 0.461290 0.437917 0.396791 0.339491 0.268219 0.185715 0.095148 -0.000000 -0.096074 -0.189381 -0.276335 -0.353595 -0.418192 -0.467643 -0.500048 -0.514162 -0.509442 -0.486070 -0.444944 -0.387644 -0.316372 -0.233868 -0.143301 -0.048153 


 diagonal elements of p (1st step)
50000.481914 50000.472654 50000.445231 50000.400697 50000.340765 50000.267737 50000.184421 50000.094017 50000.000000 49999.905983 49999.815579 49999.732263 49999.659235 49999.599303 49999.554769 49999.527346 49999.518086 49999.527346 49999.554769 49999.599303 49999.659235 49999.732263 49999.815579 49999.905983 50000.000000 50000.094017 50000.184421 50000.267737 50000.340765 50000.400697 50000.445231 50000.472654 50000.481914 50000.472654 50000.445231 50000.400697 50000.340765 50000.267737 50000.184421 50000.094017 50000.000000 49999.905983 49999.815579 49999.732263 49999.659235 49999.599303 49999.554769 49999.527346 49999.518086 49999.527346 49999.554769 49999.599303 49999.659235 49999.732263 49999.815580 49999.905983 50000.000000 50000.094017 50000.184421 50000.267737 50000.340765 50000.400697 50000.445231 50000.472654 
 diagonal elements of u (1st step)
-0.047929 -0.141236 -0.228189 -0.305449 -0.370045 -0.419495 -0.451898 -0.466011 -0.461289 -0.437916 -0.396788 -0.339486 -0.268213 -0.185708 -0.095141 0.000008 0.096082 0.189389 0.276342 0.353602 0.418197 0.467647 0.500051 0.514163 0.509442 0.486068 0.444940 0.387639 0.316366 0.233861 0.143293 0.048144 -0.047929 -0.141236 -0.228190 -0.305449 -0.370045 -0.419495 -0.451898 -0.466011 -0.461289 -0.437916 -0.396788 -0.339486 -0.268213 -0.185708 -0.095140 0.000008 0.096082 0.189389 0.276342 0.353602 0.418197 0.467647 0.500051 0.514163 0.509442 0.486068 0.444940 0.387639 0.316366 0.233860 0.143293 0.048144 
 diagonal elements of v (1st step)
0.047913 0.141220 0.228174 0.305435 0.370033 0.419486 0.451892 0.466008 0.461290 0.437919 0.396794 0.339496 0.268225 0.185722 0.095156 0.000008 -0.096065 -0.189372 -0.276327 -0.353588 -0.418186 -0.467638 -0.500045 -0.514161 -0.509443 -0.486072 -0.444947 -0.387649 -0.316378 -0.233875 -0.143309 -0.048161 0.047913 0.141220 0.228174 0.305435 0.370033 0.419486 0.451893 0.466008 0.461290 0.437919 0.396794 0.339496 0.268225 0.185722 0.095156 0.000008 -0.096065 -0.189372 -0.276327 -0.353588 -0.418186 -0.467639 -0.500045 -0.514161 -0.509443 -0.486072 -0.444947 -0.387649 -0.316378 -0.233875 -0.143309 -0.048161 

 update steps taken =  3999 simulated time in hours 100.000000


 diagonal elements of p (after 4000 steps)
50000.477461 50000.463255 50000.431270 50000.382714 50000.319429 50000.243821 50000.158776 50000.067547 49999.973636 49999.880656 49999.792194 49999.711673 49999.642210 49999.586499 49999.546704 49999.524366 49999.520350 49999.534804 49999.567158 49999.616150 49999.679871 49999.755848 49999.841140 49999.932455 50000.026280 50000.119013 50000.207104 50000.287190 50000.356216 50000.411557 50000.451105 50000.473356 50000.477459 50000.463253 50000.431268 50000.382713 50000.319428 50000.243821 50000.158776 50000.067547 49999.973636 49999.880656 49999.792195 49999.711673 49999.642210 49999.586500 49999.546704 49999.524367 49999.520350 49999.534804 49999.567159 49999.616150 49999.679871 49999.755848 49999.841140 49999.932456 50000.026280 50000.119013 50000.207105 50000.287191 50000.356218 50000.411559 50000.451107 50000.473359 
 diagonal elements of u (after 4000 steps)
-0.048068 -0.141370 -0.228315 -0.305560 -0.370138 -0.419566 -0.451946 -0.466032 -0.461284 -0.437883 -0.396730 -0.339406 -0.268113 -0.185591 -0.095012 0.000144 0.096219 0.189523 0.276468 0.353713 0.418291 0.467720 0.500099 0.514185 0.509437 0.486036 0.444882 0.387558 0.316264 0.233742 0.143163 0.048008 -0.048068 -0.141370 -0.228315 -0.305560 -0.370138 -0.419566 -0.451946 -0.466032 -0.461284 -0.437883 -0.396730 -0.339406 -0.268113 -0.185591 -0.095012 0.000144 0.096219 0.189522 0.276468 0.353713 0.418291 0.467720 0.500099 0.514185 0.509437 0.486036 0.444882 0.387557 0.316264 0.233742 0.143163 0.048008 
 diagonal elements of v (after 4000 step)
0.047776 0.141086 0.228049 0.305322 0.369938 0.419411 0.451842 0.465984 0.461293 0.437949 0.396850 0.339575 0.268325 0.185839 0.095285 0.000144 -0.095928 -0.189238 -0.276202 -0.353476 -0.418092 -0.467565 -0.499996 -0.514137 -0.509445 -0.486101 -0.445001 -0.387726 -0.316476 -0.233989 -0.143435 -0.048295 0.047776 0.141086 0.228049 0.305323 0.369938 0.419411 0.451842 0.465984 0.461293 0.437949 0.396850 0.339575 0.268325 0.185839 0.095285 0.000144 -0.095928 -0.189238 -0.276202 -0.353476 -0.418092 -0.467565 -0.499996 -0.514137 -0.509445 -0.486101 -0.445001 -0.387726 -0.316476 -0.233989 -0.143435 -0.048295 

 cycle number 3999 total computer time 0.166892 time per cycle 0.000042
 time and megaflops for update 0.166599 6390.757207
 time and megabytes/sec for copy 0.000091 4594191.824178
