 number of points in the x direction 96
 number of points in the y direction 96
 grid spacing in the x direction     100000.000000
 grid spacing in the y direction     100000.000000
 time step                           90.000000
 time filter parameter               0.001000


 initial diagonal elements of p
50000.214184 50000.212352 50000.206886 50000.197880 50000.185489 50000.169924 50000.151451 50000.130387 50000.107092 50000.081965 50000.055435 50000.027957 50000.000000 49999.972043 49999.944565 49999.918035 49999.892908 49999.869613 49999.848549 49999.830076 49999.814511 49999.802120 49999.793114 49999.787648 49999.785816 49999.787648 49999.793114 49999.802120 49999.814511 49999.830076 49999.848549 49999.869613 49999.892908 49999.918035 49999.944565 49999.972043 50000.000000 50000.027957 50000.055435 50000.081965 50000.107092 50000.130387 50000.151451 50000.169924 50000.185489 50000.197880 50000.206886 50000.212352 50000.214184 50000.212352 50000.206886 50000.197880 50000.185489 50000.169924 50000.151451 50000.130387 50000.107092 50000.081965 50000.055435 50000.027957 50000.000000 49999.972043 49999.944565 49999.918035 49999.892908 49999.869613 49999.848549 49999.830076 49999.814511 49999.802120 49999.793114 49999.787648 49999.785816 49999.787648 49999.793114 49999.802120 49999.814511 49999.830076 49999.848549 49999.869613 49999.892908 49999.918035 49999.944565 49999.972043 50000.000000 50000.027957 50000.055435 50000.081965 50000.107092 50000.130387 50000.151451 50000.169924 50000.185489 50000.197880 50000.206886 50000.212352 
 initial diagonal elements of u
-0.021365 -0.063592 -0.104548 -0.143531 -0.179876 -0.212960 -0.242217 -0.267146 -0.287321 -0.302397 -0.312115 -0.316310 -0.314910 -0.307938 -0.295514 -0.277851 -0.255251 -0.228099 -0.196862 -0.162074 -0.124329 -0.084273 -0.042592 0.000000 0.042776 0.085003 0.125958 0.164942 0.201287 0.234371 0.263627 0.288557 0.308732 0.323808 0.333526 0.337721 0.336321 0.329349 0.316925 0.299262 0.276661 0.249510 0.218273 0.183484 0.145739 0.105684 0.064003 0.021411 -0.021365 -0.063592 -0.104548 -0.143531 -0.179876 -0.212960 -0.242217 -0.267146 -0.287321 -0.302397 -0.312115 -0.316310 -0.314910 -0.307938 -0.295514 -0.277851 -0.255251 -0.228099 -0.196862 -0.162074 -0.124328 -0.084273 -0.042592 0.000000 0.042776 0.085003 0.125958 0.164942 0.201287 0.234371 0.263627 0.288557 0.308732 0.323808 0.333526 0.337721 0.336321 0.329349 0.316925 0.299262 0.276661 0.249510 0.218273 0.183484 0.145739 0.105684 0.064003 0.021411 
 initial diagonal elements of v
0.021365 0.063592 0.104548 0.143531 0.179876 0.212960 0.242217 0.267146 0.287321 0.302397 0.312115 0.316310 0.314910 0.307938 0.295514 0.277851 0.255251 0.228099 0.196862 0.162074 0.124329 0.084273 0.042592 -0.000000 -0.042776 -0.085003 -0.125958 -0.164942 -0.201287 -0.234371 -0.263627 -0.288557 -0.308732 -0.323808 -0.333526 -0.337721 -0.336321 -0.329349 -0.316925 -0.299262 -0.276661 -0.249510 -0.218273 -0.183484 -0.145739 -0.105684 -0.064003 -0.021411 0.021365 0.063592 0.104548 0.143531 0.179876 0.212960 0.242217 0.267146 0.287321 0.302397 0.312115 0.316310 0.314910 0.307938 0.295514 0.277851 0.255251 0.228099 0.196862 0.162074 0.124328 0.084273 0.042592 -0.000000 -0.042776 -0.085003 -0.125958 -0.164942 -0.201287 -0.234371 -0.263627 -0.288557 -0.308732 -0.323808 -0.333526 -0.337721 -0.336321 -0.329349 -0.316925 -0.299262 -0.276661 -0.249510 -0.218273 -0.183484 -0.145739 -0.105684 -0.064003 -0.021411 


 diagonal elements of p (1st step)
50000.214184 50000.212352 50000.206886 50000.197880 50000.185489 50000.169924 50000.151451 50000.130387 50000.107092 50000.081965 50000.055435 50000.027957 50000.000000 49999.972043 49999.944565 49999.918035 49999.892908 49999.869613 49999.848549 49999.830076 49999.814511 49999.802120 49999.793114 49999.787648 49999.785816 49999.787648 49999.793114 49999.802120 49999.814511 49999.830076 49999.848549 49999.869613 49999.892908 49999.918035 49999.944565 49999.972043 50000.000000 50000.027957 50000.055435 50000.081965 50000.107092 50000.130387 50000.151451 50000.169924 50000.185489 50000.197880 50000.206886 50000.212352 50000.214184 50000.212352 50000.206886 50000.197880 50000.185489 50000.169924 50000.151451 50000.130387 50000.107092 50000.081965 50000.055435 50000.027957 50000.000000 49999.972043 49999.944565 49999.918035 49999.892908 49999.869613 49999.848549 49999.830076 49999.814511 49999.802120 49999.793114 49999.787648 49999.785816 49999.787648 49999.793114 49999.802120 49999.814511 49999.830076 49999.848549 49999.869613 49999.892908 49999.918035 49999.944565 49999.972043 50000.000000 50000.027957 50000.055435 50000.081965 50000.107092 50000.130387 50000.151451 50000.169924 50000.185489 50000.197880 50000.206886 50000.212352 
 diagonal elements of u (1st step)
-0.021367 -0.063594 -0.104549 -0.143533 -0.179877 -0.212961 -0.242218 -0.267147 -0.287322 -0.302397 -0.312116 -0.316310 -0.314910 -0.307938 -0.295514 -0.277851 -0.255250 -0.228098 -0.196861 -0.162072 -0.124327 -0.084272 -0.042591 0.000002 0.042777 0.085004 0.125960 0.164944 0.201288 0.234372 0.263628 0.288558 0.308732 0.323808 0.333526 0.337721 0.336321 0.329349 0.316925 0.299261 0.276660 0.249509 0.218272 0.183483 0.145738 0.105682 0.064002 0.021409 -0.021367 -0.063594 -0.104549 -0.143533 -0.179877 -0.212961 -0.242218 -0.267147 -0.287322 -0.302397 -0.312116 -0.316310 -0.314910 -0.307938 -0.295514 -0.277850 -0.255250 -0.228098 -0.196861 -0.162072 -0.124327 -0.084271 -0.042591 0.000002 0.042777 0.085004 0.125960 0.164944 0.201288 0.234372 0.263629 0.288558 0.308733 0.323808 0.333526 0.337721 0.336321 0.329349 0.316925 0.299261 0.276660 0.249509 0.218272 0.183483 0.145738 0.105682 0.064002 0.021409 
 diagonal elements of v (1st step)
0.021363 0.063590 0.104546 0.143530 0.179875 0.212958 0.242215 0.267145 0.287320 0.302396 0.312115 0.316310 0.314910 0.307938 0.295515 0.277852 0.255251 0.228100 0.196863 0.162075 0.124330 0.084275 0.042594 0.000002 -0.042774 -0.085001 -0.125957 -0.164941 -0.201285 -0.234369 -0.263626 -0.288556 -0.308731 -0.323807 -0.333526 -0.337721 -0.336321 -0.329349 -0.316926 -0.299263 -0.276662 -0.249511 -0.218274 -0.183486 -0.145741 -0.105685 -0.064005 -0.021412 0.021363 0.063590 0.104546 0.143530 0.179875 0.212959 0.242215 0.267145 0.287320 0.302396 0.312115 0.316310 0.314910 0.307938 0.295515 0.277852 0.255251 0.228100 0.196863 0.162075 0.124330 0.084275 0.042594 0.000002 -0.042774 -0.085001 -0.125957 -0.164941 -0.201285 -0.234369 -0.263626 -0.288556 -0.308731 -0.323807 -0.333526 -0.337721 -0.336321 -0.329349 -0.316926 -0.299263 -0.276662 -0.249511 -0.218274 -0.183486 -0.145741 -0.105685 -0.064005 -0.021412 

 update steps taken =  3999 simulated time in hours 100.000000


 diagonal elements of p (after 4000 steps)
50000.211831 50000.206624 50000.197885 50000.185761 50000.170459 50000.152240 50000.131415 50000.108339 50000.083406 50000.057042 50000.029698 50000.001841 49999.973947 49999.946494 49999.919952 49999.894776 49999.871397 49999.850216 49999.831597 49999.815859 49999.803272 49999.794053 49999.788359 49999.786289 49999.787878 49999.793099 49999.801862 49999.814017 49999.829355 49999.847612 49999.868475 49999.891587 49999.916550 49999.942938 49999.970297 49999.998160 50000.026049 50000.053487 50000.080006 50000.105152 50000.128496 50000.149638 50000.168219 50000.183922 50000.196478 50000.205673 50000.211352 50000.213417 50000.211833 50000.206626 50000.197886 50000.185761 50000.170460 50000.152240 50000.131415 50000.108339 50000.083407 50000.057043 50000.029698 50000.001841 49999.973947 49999.946494 49999.919952 49999.894775 49999.871396 49999.850216 49999.831596 49999.815858 49999.803271 49999.794052 49999.788358 49999.786289 49999.787878 49999.793099 49999.801862 49999.814017 49999.829355 49999.847612 49999.868476 49999.891587 49999.916551 49999.942938 49999.970297 49999.998160 50000.026049 50000.053487 50000.080005 50000.105151 50000.128495 50000.149638 50000.168219 50000.183921 50000.196477 50000.205672 50000.211351 50000.213415 
 diagonal elements of u (after 4000 steps)
-0.021303 -0.063530 -0.104488 -0.143474 -0.179822 -0.212911 -0.242173 -0.267108 -0.287290 -0.302373 -0.312100 -0.316303 -0.314910 -0.307947 -0.295531 -0.277876 -0.255282 -0.228138 -0.196907 -0.162123 -0.124383 -0.084331 -0.042653 -0.000062 0.042713 0.084941 0.125898 0.164885 0.201233 0.234322 0.263584 0.288519 0.308701 0.323784 0.333511 0.337714 0.336322 0.329358 0.316942 0.299286 0.276693 0.249549 0.218318 0.183534 0.145794 0.105742 0.064064 0.021473 -0.021303 -0.063530 -0.104488 -0.143474 -0.179822 -0.212911 -0.242173 -0.267108 -0.287290 -0.302373 -0.312100 -0.316303 -0.314910 -0.307947 -0.295531 -0.277876 -0.255282 -0.228138 -0.196907 -0.162123 -0.124383 -0.084331 -0.042653 -0.000062 0.042713 0.084941 0.125898 0.164885 0.201233 0.234322 0.263584 0.288519 0.308701 0.323784 0.333511 0.337714 0.336321 0.329358 0.316942 0.299286 0.276693 0.249549 0.218317 0.183534 0.145794 0.105742 0.064064 0.021473 
 diagonal elements of v (after 4000 step)
0.021427 0.063653 0.104607 0.143588 0.179929 0.213008 0.242259 0.267182 0.287350 0.302419 0.312129 0.316317 0.314908 0.307928 0.295497 0.277826 0.255218 0.228060 0.196817 0.162023 0.124274 0.084215 0.042532 -0.000062 -0.042838 -0.085064 -0.126018 -0.164999 -0.201340 -0.234419 -0.263671 -0.288594 -0.308762 -0.323830 -0.333541 -0.337728 -0.336319 -0.329339 -0.316907 -0.299236 -0.276628 -0.249470 -0.218227 -0.183433 -0.145684 -0.105625 -0.063942 -0.021349 0.021427 0.063653 0.104607 0.143588 0.179929 0.213008 0.242259 0.267182 0.287350 0.302419 0.312130 0.316317 0.314908 0.307928 0.295497 0.277826 0.255218 0.228060 0.196817 0.162023 0.124274 0.084215 0.042532 -0.000062 -0.042838 -0.085064 -0.126018 -0.164999 -0.201340 -0.234419 -0.263671 -0.288594 -0.308762 -0.323830 -0.333541 -0.337728 -0.336319 -0.329339 -0.316907 -0.299236 -0.276628 -0.249470 -0.218227 -0.183433 -0.145684 -0.105625 -0.063942 -0.021349 

 cycle number 3999 total computer time 0.383714 time per cycle 0.000096
 time and megaflops for update 0.383357 6248.903659
 time and megabytes/sec for copy 0.000077 11970824.727118
