Device: Intel(R) Iris(R) Xe MAX Graphics [0x4905]
number of points in the x direction 768
number of points in the y direction 768
init file output complete
first step time: 0.035051
halo update time: 0.021952
run complete...
model time (sec) = nan
 gpu cycle number 3999 model time in hours nan


 gpu diagonal elements of p (4000 steps)
50000.003347 50000.003346 50000.003344 50000.003342 50000.003339 50000.003335 50000.003329 50000.003323 50000.003317 50000.003309 50000.003300 50000.003291 50000.003280 50000.003269 50000.003257 50000.003244 50000.003230 50000.003215 50000.003200 50000.003183 50000.003166 50000.003148 50000.003129 50000.003109 50000.003088 50000.003067 50000.003044 50000.003021 50000.002997 50000.002972 50000.002947 50000.002920 50000.002893 50000.002865 50000.002837 50000.002807 50000.002777 50000.002746 50000.002715 50000.002682 50000.002649 50000.002615 50000.002581 50000.002546 50000.002510 50000.002473 50000.002436 50000.002398 50000.002359 50000.002320 50000.002281 50000.002240 50000.002199 50000.002158 50000.002115 50000.002073 50000.002030 50000.001986 50000.001941 50000.001897 50000.001851 50000.001805 50000.001759 50000.001712 50000.001665 50000.001617 50000.001569 50000.001520 50000.001471 50000.001422 50000.001372 50000.001322 50000.001272 50000.001221 50000.001170 50000.001118 50000.001066 50000.001014 50000.000962 50000.000910 50000.000857 50000.000804 50000.000750 50000.000697 50000.000643 50000.000590 50000.000536 50000.000481 50000.000427 50000.000373 50000.000318 50000.000264 50000.000209 50000.000154 50000.000100 50000.000045 49999.999990 49999.999936 49999.999881 49999.999826 49999.999771 49999.999717 49999.999662 49999.999608 49999.999554 49999.999499 49999.999445 49999.999391 49999.999338 49999.999284 49999.999231 49999.999177 49999.999124 49999.999072 49999.999019 49999.998967 49999.998915 49999.998863 49999.998812 49999.998761 49999.998710 49999.998660 49999.998610 49999.998560 49999.998511 49999.998462 49999.998414 49999.998366 49999.998318 49999.998271 49999.998225 49999.998178 49999.998133 49999.998087 49999.998043 49999.997999 49999.997955 49999.997912 49999.997869 49999.997828 49999.997786 49999.997745 49999.997705 49999.997666 49999.997627 49999.997588 49999.997551 49999.997514 49999.997478 49999.997442 49999.997407 49999.997373 49999.997339 49999.997306 49999.997274 49999.997243 49999.997212 49999.997182 49999.997153 49999.997125 49999.997097 49999.997070 49999.997044 49999.997019 49999.996994 49999.996971 49999.996948 49999.996926 49999.996904 49999.996884 49999.996865 49999.996846 49999.996828 49999.996811 49999.996795 49999.996779 49999.996765 49999.996751 49999.996739 49999.996727 49999.996716 49999.996706 49999.996697 49999.996688 49999.996681 49999.996674 49999.996669 49999.996664 49999.996660 49999.996657 49999.996655 49999.996654 49999.996653 49999.996654 49999.996656 49999.996658 49999.996661 49999.996665 49999.996671 49999.996677 49999.996683 49999.996691 49999.996700 49999.996709 49999.996720 49999.996731 49999.996743 49999.996756 49999.996770 49999.996785 49999.996800 49999.996817 49999.996834 49999.996852 49999.996871 49999.996891 49999.996912 49999.996933 49999.996956 49999.996979 49999.997003 49999.997028 49999.997053 49999.997080 49999.997107 49999.997135 49999.997163 49999.997193 49999.997223 49999.997254 49999.997285 49999.997318 49999.997351 49999.997385 49999.997419 49999.997454 49999.997490 49999.997527 49999.997564 49999.997602 49999.997641 49999.997680 49999.997719 49999.997760 49999.997801 49999.997842 49999.997885 49999.997927 49999.997970 49999.998014 49999.998059 49999.998103 49999.998149 49999.998195 49999.998241 49999.998288 49999.998335 49999.998383 49999.998431 49999.998480 49999.998529 49999.998578 49999.998628 49999.998678 49999.998728 49999.998779 49999.998830 49999.998882 49999.998934 49999.998986 49999.999038 49999.999090 49999.999143 49999.999196 49999.999250 49999.999303 49999.999357 49999.999410 49999.999464 49999.999519 49999.999573 49999.999627 49999.999682 49999.999736 49999.999791 49999.999846 49999.999900 49999.999955 50000.000010 50000.000064 50000.000119 50000.000174 50000.000229 50000.000283 50000.000338 50000.000392 50000.000446 50000.000501 50000.000555 50000.000609 50000.000662 50000.000716 50000.000769 50000.000823 50000.000876 50000.000928 50000.000981 50000.001033 50000.001085 50000.001137 50000.001188 50000.001239 50000.001290 50000.001340 50000.001390 50000.001440 50000.001489 50000.001538 50000.001586 50000.001634 50000.001682 50000.001729 50000.001775 50000.001822 50000.001867 50000.001913 50000.001957 50000.002001 50000.002045 50000.002088 50000.002131 50000.002172 50000.002214 50000.002255 50000.002295 50000.002334 50000.002373 50000.002412 50000.002449 50000.002486 50000.002522 50000.002558 50000.002593 50000.002627 50000.002661 50000.002694 50000.002726 50000.002757 50000.002788 50000.002818 50000.002847 50000.002875 50000.002903 50000.002930 50000.002956 50000.002981 50000.003006 50000.003029 50000.003052 50000.003074 50000.003095 50000.003116 50000.003135 50000.003154 50000.003172 50000.003189 50000.003205 50000.003221 50000.003235 50000.003249 50000.003261 50000.003273 50000.003284 50000.003294 50000.003303 50000.003312 50000.003319 50000.003326 50000.003331 50000.003336 50000.003340 50000.003343 50000.003345 50000.003346 50000.003347 50000.003346 50000.003344 50000.003342 50000.003339 50000.003335 50000.003329 50000.003323 50000.003317 50000.003309 50000.003300 50000.003291 50000.003280 50000.003269 50000.003257 50000.003244 50000.003230 50000.003215 50000.003200 50000.003183 50000.003166 50000.003148 50000.003129 50000.003109 50000.003088 50000.003067 50000.003044 50000.003021 50000.002997 50000.002972 50000.002947 50000.002920 50000.002893 50000.002865 50000.002837 50000.002807 50000.002777 50000.002746 50000.002715 50000.002682 50000.002649 50000.002615 50000.002581 50000.002546 50000.002510 50000.002473 50000.002436 50000.002398 50000.002359 50000.002320 50000.002281 50000.002240 50000.002199 50000.002158 50000.002115 50000.002073 50000.002030 50000.001986 50000.001941 50000.001897 50000.001851 50000.001805 50000.001759 50000.001712 50000.001665 50000.001617 50000.001569 50000.001520 50000.001471 50000.001422 50000.001372 50000.001322 50000.001272 50000.001221 50000.001170 50000.001118 50000.001066 50000.001014 50000.000962 50000.000910 50000.000857 50000.000804 50000.000750 50000.000697 50000.000643 50000.000590 50000.000536 50000.000481 50000.000427 50000.000373 50000.000318 50000.000264 50000.000209 50000.000154 50000.000100 50000.000045 49999.999990 49999.999936 49999.999881 49999.999826 49999.999771 49999.999717 49999.999662 49999.999608 49999.999554 49999.999499 49999.999445 49999.999391 49999.999338 49999.999284 49999.999231 49999.999177 49999.999124 49999.999072 49999.999019 49999.998967 49999.998915 49999.998863 49999.998812 49999.998761 49999.998710 49999.998660 49999.998610 49999.998560 49999.998511 49999.998462 49999.998414 49999.998366 49999.998318 49999.998271 49999.998225 49999.998178 49999.998133 49999.998088 49999.998043 49999.997999 49999.997955 49999.997912 49999.997869 49999.997828 49999.997786 49999.997745 49999.997705 49999.997666 49999.997627 49999.997588 49999.997551 49999.997514 49999.997478 49999.997442 49999.997407 49999.997373 49999.997339 49999.997306 49999.997274 49999.997243 49999.997212 49999.997182 49999.997153 49999.997125 49999.997097 49999.997070 49999.997044 49999.997019 49999.996994 49999.996971 49999.996948 49999.996926 49999.996904 49999.996884 49999.996865 49999.996846 49999.996828 49999.996811 49999.996795 49999.996779 49999.996765 49999.996751 49999.996739 49999.996727 49999.996716 49999.996706 49999.996697 49999.996688 49999.996681 49999.996674 49999.996669 49999.996664 49999.996660 49999.996657 49999.996655 49999.996654 49999.996653 49999.996654 49999.996656 49999.996658 49999.996661 49999.996665 49999.996671 49999.996677 49999.996683 49999.996691 49999.996700 49999.996709 49999.996720 49999.996731 49999.996743 49999.996756 49999.996770 49999.996785 49999.996800 49999.996817 49999.996834 49999.996852 49999.996871 49999.996891 49999.996912 49999.996933 49999.996956 49999.996979 49999.997003 49999.997028 49999.997053 49999.997080 49999.997107 49999.997135 49999.997163 49999.997193 49999.997223 49999.997254 49999.997285 49999.997318 49999.997351 49999.997385 49999.997419 49999.997454 49999.997490 49999.997527 49999.997564 49999.997602 49999.997641 49999.997680 49999.997719 49999.997760 49999.997801 49999.997842 49999.997885 49999.997927 49999.997970 49999.998014 49999.998059 49999.998103 49999.998149 49999.998195 49999.998241 49999.998288 49999.998335 49999.998383 49999.998431 49999.998480 49999.998529 49999.998578 49999.998628 49999.998678 49999.998728 49999.998779 49999.998830 49999.998882 49999.998934 49999.998986 49999.999038 49999.999090 49999.999143 49999.999196 49999.999250 49999.999303 49999.999357 49999.999410 49999.999464 49999.999519 49999.999573 49999.999627 49999.999682 49999.999736 49999.999791 49999.999846 49999.999900 49999.999955 50000.000010 50000.000064 50000.000119 50000.000174 50000.000229 50000.000283 50000.000338 50000.000392 50000.000446 50000.000501 50000.000555 50000.000609 50000.000662 50000.000716 50000.000769 50000.000823 50000.000876 50000.000928 50000.000981 50000.001033 50000.001085 50000.001137 50000.001188 50000.001239 50000.001290 50000.001340 50000.001390 50000.001440 50000.001489 50000.001538 50000.001586 50000.001634 50000.001682 50000.001729 50000.001775 50000.001822 50000.001867 50000.001913 50000.001957 50000.002001 50000.002045 50000.002088 50000.002131 50000.002172 50000.002214 50000.002255 50000.002295 50000.002334 50000.002373 50000.002412 50000.002449 50000.002486 50000.002522 50000.002558 50000.002593 50000.002627 50000.002661 50000.002694 50000.002726 50000.002757 50000.002788 50000.002818 50000.002847 50000.002875 50000.002903 50000.002930 50000.002956 50000.002981 50000.003006 50000.003029 50000.003052 50000.003074 50000.003096 50000.003116 50000.003135 50000.003154 50000.003172 50000.003189 50000.003205 50000.003221 50000.003235 50000.003249 50000.003261 50000.003273 50000.003284 50000.003294 50000.003303 50000.003312 50000.003319 50000.003326 50000.003331 50000.003336 50000.003340 50000.003343 50000.003345 50000.003346 
 gpu diagonal elements of u (4000 steps)
-0.000335 -0.001004 -0.001673 -0.002341 -0.003009 -0.003676 -0.004341 -0.005006 -0.005669 -0.006331 -0.006991 -0.007649 -0.008305 -0.008959 -0.009610 -0.010258 -0.010904 -0.011547 -0.012187 -0.012823 -0.013456 -0.014085 -0.014711 -0.015332 -0.015949 -0.016562 -0.017171 -0.017775 -0.018374 -0.018968 -0.019557 -0.020141 -0.020719 -0.021292 -0.021859 -0.022420 -0.022975 -0.023523 -0.024066 -0.024602 -0.025131 -0.025654 -0.026169 -0.026678 -0.027179 -0.027673 -0.028160 -0.028639 -0.029110 -0.029574 -0.030029 -0.030477 -0.030916 -0.031347 -0.031770 -0.032184 -0.032589 -0.032985 -0.033373 -0.033752 -0.034121 -0.034482 -0.034833 -0.035174 -0.035507 -0.035829 -0.036143 -0.036446 -0.036739 -0.037023 -0.037297 -0.037561 -0.037814 -0.038058 -0.038291 -0.038514 -0.038726 -0.038928 -0.039120 -0.039301 -0.039472 -0.039632 -0.039781 -0.039920 -0.040048 -0.040165 -0.040271 -0.040367 -0.040451 -0.040525 -0.040588 -0.040640 -0.040681 -0.040711 -0.040730 -0.040738 -0.040736 -0.040722 -0.040697 -0.040662 -0.040615 -0.040558 -0.040489 -0.040410 -0.040320 -0.040219 -0.040108 -0.039985 -0.039852 -0.039708 -0.039553 -0.039388 -0.039212 -0.039026 -0.038829 -0.038621 -0.038404 -0.038175 -0.037937 -0.037689 -0.037430 -0.037161 -0.036882 -0.036594 -0.036295 -0.035987 -0.035669 -0.035342 -0.035005 -0.034658 -0.034302 -0.033937 -0.033563 -0.033180 -0.032788 -0.032387 -0.031978 -0.031559 -0.031133 -0.030697 -0.030254 -0.029803 -0.029343 -0.028876 -0.028400 -0.027918 -0.027427 -0.026929 -0.026424 -0.025912 -0.025393 -0.024867 -0.024335 -0.023795 -0.023250 -0.022698 -0.022140 -0.021576 -0.021006 -0.020430 -0.019849 -0.019263 -0.018671 -0.018075 -0.017473 -0.016867 -0.016256 -0.015641 -0.015022 -0.014398 -0.013771 -0.013140 -0.012505 -0.011867 -0.011226 -0.010581 -0.009934 -0.009284 -0.008632 -0.007977 -0.007320 -0.006661 -0.006000 -0.005338 -0.004674 -0.004009 -0.003342 -0.002675 -0.002007 -0.001338 -0.000669 0.000000 0.000669 0.001339 0.002007 0.002676 0.003343 0.004010 0.004676 0.005341 0.006004 0.006666 0.007326 0.007984 0.008640 0.009293 0.009944 0.010593 0.011239 0.011882 0.012521 0.013158 0.013791 0.014420 0.015045 0.015667 0.016284 0.016897 0.017506 0.018109 0.018709 0.019303 0.019892 0.020475 0.021054 0.021626 0.022193 0.022754 0.023309 0.023858 0.024400 0.024936 0.025466 0.025988 0.026504 0.027013 0.027514 0.028008 0.028495 0.028974 0.029445 0.029909 0.030364 0.030812 0.031251 0.031682 0.032104 0.032518 0.032923 0.033320 0.033708 0.034086 0.034456 0.034816 0.035167 0.035509 0.035841 0.036164 0.036477 0.036781 0.037074 0.037358 0.037632 0.037895 0.038149 0.038392 0.038626 0.038848 0.039061 0.039263 0.039455 0.039636 0.039806 0.039966 0.040116 0.040254 0.040382 0.040499 0.040606 0.040701 0.040786 0.040860 0.040923 0.040975 0.041016 0.041046 0.041065 0.041073 0.041070 0.041057 0.041032 0.040996 0.040950 0.040892 0.040824 0.040745 0.040655 0.040554 0.040442 0.040320 0.040186 0.040042 0.039888 0.039722 0.039547 0.039360 0.039163 0.038956 0.038738 0.038510 0.038272 0.038023 0.037765 0.037496 0.037217 0.036929 0.036630 0.036322 0.036004 0.035676 0.035339 0.034993 0.034637 0.034272 0.033898 0.033515 0.033123 0.032722 0.032312 0.031894 0.031467 0.031032 0.030589 0.030137 0.029678 0.029210 0.028735 0.028252 0.027762 0.027264 0.026759 0.026247 0.025728 0.025202 0.024669 0.024130 0.023584 0.023032 0.022474 0.021910 0.021341 0.020765 0.020184 0.019598 0.019006 0.018409 0.017808 0.017202 0.016591 0.015976 0.015356 0.014733 0.014106 0.013474 0.012840 0.012202 0.011560 0.010916 0.010269 0.009619 0.008966 0.008312 0.007655 0.006996 0.006335 0.005672 0.005008 0.004343 0.003677 0.003010 0.002342 0.001673 0.001004 0.000335 -0.000335 -0.001004 -0.001673 -0.002341 -0.003009 -0.003676 -0.004342 -0.005006 -0.005669 -0.006331 -0.006991 -0.007649 -0.008305 -0.008958 -0.009610 -0.010258 -0.010904 -0.011547 -0.012187 -0.012823 -0.013456 -0.014085 -0.014711 -0.015332 -0.015949 -0.016562 -0.017171 -0.017775 -0.018374 -0.018968 -0.019557 -0.020141 -0.020719 -0.021292 -0.021859 -0.022420 -0.022975 -0.023523 -0.024066 -0.024602 -0.025131 -0.025654 -0.026169 -0.026678 -0.027179 -0.027673 -0.028160 -0.028639 -0.029110 -0.029574 -0.030029 -0.030477 -0.030916 -0.031347 -0.031770 -0.032184 -0.032589 -0.032985 -0.033373 -0.033752 -0.034121 -0.034482 -0.034833 -0.035174 -0.035507 -0.035829 -0.036143 -0.036446 -0.036739 -0.037023 -0.037297 -0.037561 -0.037814 -0.038058 -0.038291 -0.038514 -0.038726 -0.038928 -0.039120 -0.039301 -0.039472 -0.039632 -0.039781 -0.039920 -0.040048 -0.040165 -0.040271 -0.040367 -0.040451 -0.040525 -0.040588 -0.040640 -0.040681 -0.040711 -0.040730 -0.040738 -0.040736 -0.040722 -0.040697 -0.040662 -0.040615 -0.040558 -0.040489 -0.040410 -0.040320 -0.040219 -0.040108 -0.039985 -0.039852 -0.039708 -0.039553 -0.039388 -0.039212 -0.039026 -0.038829 -0.038621 -0.038404 -0.038175 -0.037937 -0.037689 -0.037430 -0.037161 -0.036882 -0.036594 -0.036295 -0.035987 -0.035669 -0.035342 -0.035005 -0.034658 -0.034302 -0.033937 -0.033563 -0.033180 -0.032788 -0.032387 -0.031978 -0.031559 -0.031133 -0.030697 -0.030254 -0.029803 -0.029343 -0.028876 -0.028400 -0.027918 -0.027427 -0.026929 -0.026424 -0.025912 -0.025393 -0.024867 -0.024335 -0.023795 -0.023250 -0.022698 -0.022140 -0.021576 -0.021006 -0.020430 -0.019849 -0.019263 -0.018671 -0.018075 -0.017473 -0.016867 -0.016256 -0.015641 -0.015022 -0.014398 -0.013771 -0.013140 -0.012505 -0.011867 -0.011226 -0.010581 -0.009934 -0.009284 -0.008632 -0.007977 -0.007320 -0.006661 -0.006000 -0.005338 -0.004674 -0.004009 -0.003342 -0.002675 -0.002007 -0.001338 -0.000669 0.000000 0.000669 0.001339 0.002007 0.002676 0.003343 0.004010 0.004676 0.005341 0.006004 0.006666 0.007326 0.007984 0.008640 0.009293 0.009944 0.010593 0.011239 0.011882 0.012521 0.013158 0.013791 0.014420 0.015045 0.015667 0.016284 0.016897 0.017506 0.018109 0.018709 0.019303 0.019892 0.020475 0.021054 0.021626 0.022193 0.022754 0.023309 0.023858 0.024400 0.024936 0.025466 0.025988 0.026504 0.027013 0.027514 0.028008 0.028495 0.028974 0.029445 0.029909 0.030364 0.030812 0.031251 0.031682 0.032104 0.032518 0.032923 0.033320 0.033708 0.034086 0.034456 0.034816 0.035167 0.035509 0.035841 0.036164 0.036477 0.036781 0.037074 0.037358 0.037632 0.037895 0.038149 0.038392 0.038626 0.038848 0.039061 0.039263 0.039455 0.039636 0.039807 0.039966 0.040116 0.040254 0.040382 0.040499 0.040606 0.040701 0.040786 0.040860 0.040923 0.040975 0.041016 0.041046 0.041065 0.041073 0.041070 0.041057 0.041032 0.040996 0.040950 0.040892 0.040824 0.040745 0.040655 0.040554 0.040442 0.040320 0.040186 0.040042 0.039888 0.039722 0.039547 0.039360 0.039163 0.038956 0.038738 0.038510 0.038272 0.038023 0.037765 0.037496 0.037217 0.036929 0.036630 0.036322 0.036004 0.035676 0.035339 0.034993 0.034637 0.034272 0.033898 0.033515 0.033123 0.032722 0.032312 0.031894 0.031467 0.031032 0.030589 0.030137 0.029678 0.029210 0.028735 0.028252 0.027762 0.027264 0.026759 0.026247 0.025728 0.025202 0.024669 0.024130 0.023584 0.023032 0.022474 0.021910 0.021341 0.020765 0.020184 0.019598 0.019006 0.018409 0.017808 0.017202 0.016591 0.015976 0.015356 0.014733 0.014106 0.013474 0.012840 0.012202 0.011560 0.010916 0.010269 0.009619 0.008966 0.008312 0.007655 0.006996 0.006335 0.005672 0.005008 0.004343 0.003677 0.003010 0.002342 0.001673 0.001004 0.000335 
 gpu diagonal elements of v (4000 step)
0.000335 0.001004 0.001673 0.002341 0.003009 0.003676 0.004341 0.005006 0.005669 0.006331 0.006991 0.007649 0.008305 0.008958 0.009610 0.010258 0.010904 0.011547 0.012186 0.012823 0.013456 0.014085 0.014710 0.015332 0.015949 0.016562 0.017171 0.017775 0.018374 0.018968 0.019557 0.020141 0.020719 0.021292 0.021858 0.022419 0.022974 0.023523 0.024066 0.024602 0.025131 0.025654 0.026169 0.026678 0.027179 0.027673 0.028160 0.028639 0.029110 0.029574 0.030029 0.030477 0.030916 0.031347 0.031769 0.032183 0.032589 0.032985 0.033373 0.033752 0.034121 0.034481 0.034833 0.035174 0.035507 0.035829 0.036142 0.036446 0.036739 0.037023 0.037297 0.037561 0.037814 0.038058 0.038291 0.038514 0.038726 0.038928 0.039120 0.039301 0.039472 0.039632 0.039781 0.039920 0.040048 0.040165 0.040271 0.040367 0.040451 0.040525 0.040588 0.040640 0.040681 0.040711 0.040730 0.040738 0.040736 0.040722 0.040697 0.040662 0.040615 0.040558 0.040489 0.040410 0.040320 0.040219 0.040108 0.039985 0.039852 0.039708 0.039553 0.039388 0.039212 0.039026 0.038829 0.038621 0.038404 0.038176 0.037937 0.037689 0.037430 0.037161 0.036883 0.036594 0.036295 0.035987 0.035669 0.035342 0.035005 0.034658 0.034303 0.033938 0.033563 0.033180 0.032788 0.032387 0.031978 0.031559 0.031133 0.030698 0.030254 0.029803 0.029343 0.028876 0.028401 0.027918 0.027427 0.026930 0.026425 0.025912 0.025393 0.024867 0.024335 0.023795 0.023250 0.022698 0.022140 0.021576 0.021006 0.020430 0.019849 0.019263 0.018672 0.018075 0.017473 0.016867 0.016256 0.015641 0.015022 0.014398 0.013771 0.013140 0.012505 0.011867 0.011226 0.010582 0.009934 0.009284 0.008632 0.007977 0.007320 0.006661 0.006000 0.005338 0.004674 0.004009 0.003342 0.002675 0.002007 0.001338 0.000669 0.000000 -0.000669 -0.001338 -0.002007 -0.002676 -0.003343 -0.004010 -0.004676 -0.005341 -0.006004 -0.006666 -0.007325 -0.007983 -0.008639 -0.009293 -0.009944 -0.010593 -0.011239 -0.011881 -0.012521 -0.013158 -0.013790 -0.014420 -0.015045 -0.015667 -0.016284 -0.016897 -0.017505 -0.018109 -0.018708 -0.019303 -0.019892 -0.020475 -0.021053 -0.021626 -0.022193 -0.022754 -0.023309 -0.023858 -0.024400 -0.024936 -0.025466 -0.025988 -0.026504 -0.027012 -0.027514 -0.028008 -0.028495 -0.028974 -0.029445 -0.029908 -0.030364 -0.030811 -0.031251 -0.031682 -0.032104 -0.032518 -0.032923 -0.033320 -0.033708 -0.034086 -0.034456 -0.034816 -0.035167 -0.035509 -0.035841 -0.036164 -0.036477 -0.036780 -0.037074 -0.037358 -0.037632 -0.037895 -0.038149 -0.038392 -0.038625 -0.038848 -0.039061 -0.039263 -0.039455 -0.039636 -0.039806 -0.039966 -0.040116 -0.040254 -0.040382 -0.040499 -0.040606 -0.040701 -0.040786 -0.040860 -0.040923 -0.040974 -0.041016 -0.041046 -0.041065 -0.041073 -0.041070 -0.041057 -0.041032 -0.040996 -0.040950 -0.040892 -0.040824 -0.040745 -0.040655 -0.040554 -0.040442 -0.040320 -0.040186 -0.040042 -0.039888 -0.039723 -0.039547 -0.039360 -0.039163 -0.038956 -0.038738 -0.038510 -0.038272 -0.038023 -0.037765 -0.037496 -0.037217 -0.036929 -0.036630 -0.036322 -0.036004 -0.035676 -0.035339 -0.034993 -0.034637 -0.034272 -0.033898 -0.033515 -0.033123 -0.032722 -0.032312 -0.031894 -0.031467 -0.031032 -0.030589 -0.030137 -0.029678 -0.029210 -0.028735 -0.028252 -0.027762 -0.027264 -0.026759 -0.026247 -0.025728 -0.025202 -0.024669 -0.024130 -0.023584 -0.023032 -0.022474 -0.021910 -0.021341 -0.020765 -0.020184 -0.019598 -0.019006 -0.018410 -0.017808 -0.017202 -0.016591 -0.015976 -0.015357 -0.014733 -0.014106 -0.013475 -0.012840 -0.012202 -0.011561 -0.010916 -0.010269 -0.009619 -0.008967 -0.008312 -0.007655 -0.006996 -0.006335 -0.005673 -0.005009 -0.004343 -0.003677 -0.003010 -0.002342 -0.001673 -0.001004 -0.000335 0.000335 0.001004 0.001673 0.002341 0.003009 0.003676 0.004341 0.005006 0.005669 0.006331 0.006991 0.007649 0.008305 0.008958 0.009610 0.010258 0.010904 0.011547 0.012186 0.012823 0.013456 0.014085 0.014710 0.015332 0.015949 0.016562 0.017171 0.017775 0.018374 0.018968 0.019557 0.020141 0.020719 0.021292 0.021858 0.022419 0.022974 0.023523 0.024066 0.024602 0.025131 0.025654 0.026169 0.026678 0.027179 0.027673 0.028160 0.028639 0.029110 0.029574 0.030029 0.030477 0.030916 0.031347 0.031769 0.032183 0.032589 0.032985 0.033373 0.033752 0.034121 0.034481 0.034833 0.035174 0.035507 0.035829 0.036142 0.036446 0.036739 0.037023 0.037297 0.037561 0.037814 0.038058 0.038291 0.038514 0.038726 0.038928 0.039120 0.039301 0.039472 0.039632 0.039781 0.039920 0.040048 0.040165 0.040271 0.040367 0.040451 0.040525 0.040588 0.040640 0.040681 0.040711 0.040730 0.040738 0.040736 0.040722 0.040697 0.040662 0.040615 0.040558 0.040489 0.040410 0.040320 0.040219 0.040108 0.039985 0.039852 0.039708 0.039553 0.039388 0.039212 0.039026 0.038829 0.038621 0.038404 0.038176 0.037937 0.037689 0.037430 0.037161 0.036883 0.036594 0.036295 0.035987 0.035669 0.035342 0.035005 0.034658 0.034303 0.033938 0.033563 0.033180 0.032788 0.032387 0.031978 0.031559 0.031133 0.030698 0.030254 0.029803 0.029343 0.028876 0.028401 0.027918 0.027427 0.026930 0.026425 0.025912 0.025393 0.024867 0.024335 0.023795 0.023250 0.022698 0.022140 0.021576 0.021006 0.020430 0.019849 0.019263 0.018672 0.018075 0.017473 0.016867 0.016256 0.015641 0.015022 0.014398 0.013771 0.013140 0.012505 0.011867 0.011226 0.010582 0.009934 0.009284 0.008632 0.007977 0.007320 0.006661 0.006000 0.005338 0.004674 0.004009 0.003342 0.002675 0.002007 0.001338 0.000669 0.000000 -0.000669 -0.001338 -0.002007 -0.002676 -0.003343 -0.004010 -0.004676 -0.005341 -0.006004 -0.006666 -0.007325 -0.007983 -0.008639 -0.009293 -0.009944 -0.010593 -0.011239 -0.011881 -0.012521 -0.013158 -0.013790 -0.014420 -0.015045 -0.015667 -0.016284 -0.016897 -0.017505 -0.018109 -0.018708 -0.019303 -0.019892 -0.020475 -0.021053 -0.021626 -0.022193 -0.022754 -0.023309 -0.023858 -0.024400 -0.024936 -0.025466 -0.025988 -0.026504 -0.027012 -0.027514 -0.028008 -0.028495 -0.028974 -0.029445 -0.029909 -0.030364 -0.030811 -0.031251 -0.031682 -0.032104 -0.032518 -0.032923 -0.033320 -0.033708 -0.034086 -0.034456 -0.034816 -0.035167 -0.035509 -0.035841 -0.036164 -0.036477 -0.036781 -0.037074 -0.037358 -0.037632 -0.037895 -0.038149 -0.038392 -0.038625 -0.038848 -0.039061 -0.039263 -0.039455 -0.039636 -0.039806 -0.039966 -0.040116 -0.040254 -0.040382 -0.040499 -0.040606 -0.040701 -0.040786 -0.040860 -0.040923 -0.040975 -0.041016 -0.041046 -0.041065 -0.041073 -0.041070 -0.041057 -0.041032 -0.040996 -0.040950 -0.040892 -0.040824 -0.040745 -0.040655 -0.040554 -0.040442 -0.040320 -0.040186 -0.040042 -0.039888 -0.039723 -0.039547 -0.039360 -0.039163 -0.038956 -0.038738 -0.038510 -0.038272 -0.038023 -0.037765 -0.037496 -0.037217 -0.036929 -0.036630 -0.036322 -0.036004 -0.035676 -0.035339 -0.034993 -0.034637 -0.034272 -0.033898 -0.033515 -0.033123 -0.032722 -0.032312 -0.031894 -0.031467 -0.031032 -0.030589 -0.030137 -0.029678 -0.029210 -0.028735 -0.028252 -0.027762 -0.027264 -0.026759 -0.026247 -0.025728 -0.025202 -0.024669 -0.024130 -0.023584 -0.023033 -0.022474 -0.021910 -0.021341 -0.020765 -0.020184 -0.019598 -0.019006 -0.018410 -0.017808 -0.017202 -0.016591 -0.015976 -0.015357 -0.014733 -0.014106 -0.013475 -0.012840 -0.012202 -0.011561 -0.010916 -0.010269 -0.009619 -0.008967 -0.008312 -0.007655 -0.006996 -0.006335 -0.005673 -0.005009 -0.004343 -0.003677 -0.003010 -0.002342 -0.001673 -0.001004 -0.000335 

 cycle number 3999 total computer time 232.444799, time per cycle 0.058126
 time (usec/step) 36686.840710 and mflops 1045.022118
 time (usec/step) 21438.844711 and mbps 3.443469
end file output complete
