Device: Intel(R) Xeon(R) E-2176G CPU @ 3.70GHz
init file output complete
first step time: 0.019892
halo update time: 0.000987
run complete...
model time (sec) = nan
 gpu cycle number 3999 model time in hours nan


 gpu diagonal elements of p (4000 steps)
50000.457668 50000.449606 50000.435544 50000.415731 50000.390535 50000.360431 50000.325978 50000.287812 50000.246628 50000.203160 50000.158165 50000.112391 50000.066563 50000.021374 49999.977458 49999.935382 49999.895629 49999.858594 49999.824584 49999.793807 49999.766387 49999.742358 49999.721679 49999.704243 49999.689888 49999.678418 49999.669610 49999.663231 49999.659055 49999.656872 49999.656502 49999.657812 49999.660707 49999.665151 49999.671149 49999.678761 49999.688090 49999.699275 49999.712487 49999.727905 49999.745707 49999.766066 49999.789118 49999.814960 49999.843629 49999.875101 49999.909271 49999.945954 49999.984874 50000.025670 50000.067895 50000.111022 50000.154465 50000.197571 50000.239652 50000.279999 50000.317890 50000.352624 50000.383532 50000.409998 50000.431476 50000.447512 50000.457752 50000.461962 
 gpu diagonal elements of u (4000 steps)
-0.024087 -0.071696 -0.117984 -0.162182 -0.203561 -0.241456 -0.275272 -0.304500 -0.328727 -0.347646 -0.361058 -0.368879 -0.371142 -0.367993 -0.359690 -0.346595 -0.329167 -0.307951 -0.283566 -0.256692 -0.228053 -0.198403 -0.168508 -0.139129 -0.111007 -0.084845 -0.061292 -0.040930 -0.024263 -0.011701 -0.003556 -0.000032 -0.001222 -0.007105 -0.017548 -0.032308 -0.051037 -0.073290 -0.098534 -0.126162 -0.155503 -0.185839 -0.216421 -0.246481 -0.275256 -0.302000 -0.326000 -0.346595 -0.363187 -0.375258 -0.382377 -0.384217 -0.380552 -0.371273 -0.356385 -0.336007 -0.310374 -0.279828 -0.244813 -0.205868 -0.163612 -0.118733 -0.071976 -0.024123 
 gpu diagonal elements of v (4000 step)
0.023994 0.070861 0.115041 0.155119 0.189776 0.217812 0.238177 0.249994 0.252579 0.245457 0.228374 0.201300 0.164437 0.118210 0.063261 0.000436 -0.069233 -0.144549 -0.224174 -0.306662 -0.390482 -0.474059 -0.555801 -0.634137 -0.707547 -0.774598 -0.833974 -0.884503 -0.925182 -0.955198 -0.973949 -0.981053 -0.976357 -0.959941 -0.932117 -0.893418 -0.844595 -0.786591 -0.720527 -0.647679 -0.569445 -0.487320 -0.402864 -0.317666 -0.233313 -0.151354 -0.073268 -0.000436 0.065895 0.124631 0.174858 0.215862 0.247140 0.268411 0.279623 0.280952 0.272796 0.255770 0.230684 0.198531 0.160463 0.117762 0.071816 0.024081 

 cycle number 3999 total computer time 4.048304, time per cycle 0.001012
 time (usec/step) 559.449362 and mflops 951.793023
 time (usec/step) 429.776194 and mbps 21.667091
end file output complete

~12 times slower