 number of points in the x direction 256
 number of points in the y direction 256
 grid spacing in the x direction     100000.000000
 grid spacing in the y direction     100000.000000
 time step                           90.000000
 time filter parameter               0.001000


 initial diagonal elements of p
50000.030120 50000.030083 50000.029975 50000.029794 50000.029541 50000.029217 50000.028823 50000.028359 50000.027827 50000.027228 50000.026563 50000.025834 50000.025044 50000.024192 50000.023283 50000.022317 50000.021298 50000.020227 50000.019108 50000.017942 50000.016734 50000.015485 50000.014198 50000.012878 50000.011526 50000.010147 50000.008743 50000.007318 50000.005876 50000.004419 50000.002952 50000.001478 50000.000000 49999.998522 49999.997048 49999.995581 49999.994124 49999.992682 49999.991257 49999.989853 49999.988474 49999.987122 49999.985802 49999.984515 49999.983266 49999.982058 49999.980892 49999.979773 49999.978702 49999.977683 49999.976717 49999.975808 49999.974956 49999.974166 49999.973437 49999.972772 49999.972173 49999.971641 49999.971177 49999.970783 49999.970459 49999.970206 49999.970025 49999.969917 49999.969880 49999.969917 49999.970025 49999.970206 49999.970459 49999.970783 49999.971177 49999.971641 49999.972173 49999.972772 49999.973437 49999.974166 49999.974956 49999.975808 49999.976717 49999.977683 49999.978702 49999.979773 49999.980892 49999.982058 49999.983266 49999.984515 49999.985802 49999.987122 49999.988474 49999.989853 49999.991257 49999.992682 49999.994124 49999.995581 49999.997048 49999.998522 50000.000000 50000.001478 50000.002952 50000.004419 50000.005876 50000.007318 50000.008743 50000.010147 50000.011526 50000.012878 50000.014198 50000.015485 50000.016734 50000.017942 50000.019108 50000.020227 50000.021298 50000.022317 50000.023283 50000.024192 50000.025044 50000.025834 50000.026563 50000.027228 50000.027827 50000.028359 50000.028823 50000.029217 50000.029541 50000.029794 50000.029975 50000.030083 50000.030120 50000.030083 50000.029975 50000.029794 50000.029541 50000.029217 50000.028823 50000.028359 50000.027827 50000.027228 50000.026563 50000.025834 50000.025044 50000.024192 50000.023283 50000.022317 50000.021298 50000.020227 50000.019108 50000.017942 50000.016734 50000.015485 50000.014198 50000.012878 50000.011526 50000.010147 50000.008743 50000.007318 50000.005876 50000.004419 50000.002952 50000.001478 50000.000000 49999.998522 49999.997048 49999.995581 49999.994124 49999.992682 49999.991257 49999.989853 49999.988474 49999.987122 49999.985802 49999.984515 49999.983266 49999.982058 49999.980892 49999.979773 49999.978702 49999.977683 49999.976717 49999.975808 49999.974956 49999.974166 49999.973437 49999.972772 49999.972173 49999.971641 49999.971177 49999.970783 49999.970459 49999.970206 49999.970025 49999.969917 49999.969880 49999.969917 49999.970025 49999.970206 49999.970459 49999.970783 49999.971177 49999.971641 49999.972173 49999.972772 49999.973437 49999.974166 49999.974956 49999.975808 49999.976717 49999.977683 49999.978702 49999.979773 49999.980892 49999.982058 49999.983266 49999.984515 49999.985802 49999.987122 49999.988474 49999.989853 49999.991257 49999.992682 49999.994124 49999.995581 49999.997048 49999.998522 50000.000000 50000.001478 50000.002952 50000.004419 50000.005876 50000.007318 50000.008743 50000.010147 50000.011526 50000.012878 50000.014198 50000.015485 50000.016734 50000.017942 50000.019108 50000.020227 50000.021298 50000.022317 50000.023283 50000.024192 50000.025044 50000.025834 50000.026563 50000.027228 50000.027827 50000.028359 50000.028823 50000.029217 50000.029541 50000.029794 50000.029975 50000.030083 
 initial diagonal elements of u
-0.003011 -0.009023 -0.015009 -0.020956 -0.026848 -0.032673 -0.038415 -0.044060 -0.049596 -0.055009 -0.060286 -0.065414 -0.070381 -0.075174 -0.079783 -0.084196 -0.088402 -0.092392 -0.096156 -0.099684 -0.102968 -0.106001 -0.108775 -0.111284 -0.113520 -0.115479 -0.117157 -0.118549 -0.119651 -0.120462 -0.120979 -0.121200 -0.121126 -0.120757 -0.120093 -0.119136 -0.117889 -0.116354 -0.114535 -0.112436 -0.110063 -0.107421 -0.104517 -0.101357 -0.097950 -0.094303 -0.090425 -0.086325 -0.082014 -0.077502 -0.072800 -0.067918 -0.062869 -0.057665 -0.052319 -0.046843 -0.041250 -0.035555 -0.029770 -0.023910 -0.017988 -0.012020 -0.006019 0.000000 0.006023 0.012035 0.018021 0.023968 0.029860 0.035685 0.041426 0.047072 0.052608 0.058021 0.063298 0.068426 0.073392 0.078186 0.082795 0.087207 0.091414 0.095404 0.099167 0.102696 0.105980 0.109013 0.111787 0.114295 0.116532 0.118491 0.120169 0.121561 0.122663 0.123474 0.123990 0.124212 0.124138 0.123769 0.123105 0.122148 0.120901 0.119366 0.117546 0.115448 0.113075 0.110433 0.107529 0.104369 0.100961 0.097314 0.093436 0.089337 0.085026 0.080514 0.075811 0.070930 0.065881 0.060677 0.055331 0.049855 0.044262 0.038567 0.032782 0.026922 0.021000 0.015032 0.009031 0.003012 -0.003011 -0.009023 -0.015009 -0.020956 -0.026849 -0.032673 -0.038415 -0.044060 -0.049596 -0.055009 -0.060286 -0.065414 -0.070381 -0.075174 -0.079783 -0.084196 -0.088402 -0.092392 -0.096156 -0.099684 -0.102968 -0.106001 -0.108775 -0.111284 -0.113520 -0.115479 -0.117157 -0.118549 -0.119651 -0.120462 -0.120979 -0.121200 -0.121126 -0.120757 -0.120093 -0.119136 -0.117889 -0.116354 -0.114535 -0.112436 -0.110063 -0.107421 -0.104517 -0.101357 -0.097950 -0.094303 -0.090425 -0.086325 -0.082014 -0.077502 -0.072800 -0.067918 -0.062869 -0.057665 -0.052319 -0.046843 -0.041250 -0.035555 -0.029770 -0.023910 -0.017988 -0.012020 -0.006019 0.000000 0.006023 0.012035 0.018021 0.023968 0.029860 0.035685 0.041427 0.047072 0.052608 0.058021 0.063298 0.068426 0.073392 0.078186 0.082795 0.087207 0.091414 0.095404 0.099167 0.102696 0.105980 0.109013 0.111787 0.114295 0.116532 0.118491 0.120169 0.121561 0.122663 0.123474 0.123990 0.124212 0.124138 0.123769 0.123105 0.122148 0.120901 0.119365 0.117546 0.115448 0.113075 0.110433 0.107529 0.104369 0.100961 0.097314 0.093436 0.089337 0.085026 0.080514 0.075811 0.070930 0.065881 0.060677 0.055331 0.049855 0.044262 0.038567 0.032782 0.026922 0.021000 0.015032 0.009031 0.003012 
 initial diagonal elements of v
0.003011 0.009023 0.015009 0.020956 0.026848 0.032673 0.038415 0.044060 0.049596 0.055009 0.060286 0.065414 0.070381 0.075174 0.079783 0.084196 0.088402 0.092392 0.096156 0.099684 0.102968 0.106001 0.108775 0.111284 0.113520 0.115479 0.117157 0.118549 0.119651 0.120462 0.120979 0.121200 0.121126 0.120757 0.120093 0.119136 0.117889 0.116354 0.114535 0.112436 0.110063 0.107421 0.104517 0.101357 0.097950 0.094303 0.090425 0.086325 0.082014 0.077502 0.072800 0.067918 0.062869 0.057665 0.052319 0.046843 0.041250 0.035555 0.029770 0.023910 0.017988 0.012020 0.006019 -0.000000 -0.006023 -0.012035 -0.018021 -0.023968 -0.029860 -0.035685 -0.041426 -0.047072 -0.052608 -0.058021 -0.063298 -0.068426 -0.073392 -0.078186 -0.082795 -0.087207 -0.091414 -0.095404 -0.099167 -0.102696 -0.105980 -0.109013 -0.111787 -0.114295 -0.116532 -0.118491 -0.120169 -0.121561 -0.122663 -0.123474 -0.123990 -0.124212 -0.124138 -0.123769 -0.123105 -0.122148 -0.120901 -0.119366 -0.117546 -0.115448 -0.113075 -0.110433 -0.107529 -0.104369 -0.100961 -0.097314 -0.093436 -0.089337 -0.085026 -0.080514 -0.075811 -0.070930 -0.065881 -0.060677 -0.055331 -0.049855 -0.044262 -0.038567 -0.032782 -0.026922 -0.021000 -0.015032 -0.009031 -0.003012 0.003011 0.009023 0.015009 0.020956 0.026849 0.032673 0.038415 0.044060 0.049596 0.055009 0.060286 0.065414 0.070381 0.075174 0.079783 0.084196 0.088402 0.092392 0.096156 0.099684 0.102968 0.106001 0.108775 0.111284 0.113520 0.115479 0.117157 0.118549 0.119651 0.120462 0.120979 0.121200 0.121126 0.120757 0.120093 0.119136 0.117889 0.116354 0.114535 0.112436 0.110063 0.107421 0.104517 0.101357 0.097950 0.094303 0.090425 0.086325 0.082014 0.077502 0.072800 0.067918 0.062869 0.057665 0.052319 0.046843 0.041250 0.035555 0.029770 0.023910 0.017988 0.012020 0.006019 -0.000000 -0.006023 -0.012035 -0.018021 -0.023968 -0.029860 -0.035685 -0.041427 -0.047072 -0.052608 -0.058021 -0.063298 -0.068426 -0.073392 -0.078186 -0.082795 -0.087207 -0.091414 -0.095404 -0.099167 -0.102696 -0.105980 -0.109013 -0.111787 -0.114295 -0.116532 -0.118491 -0.120169 -0.121561 -0.122663 -0.123474 -0.123990 -0.124212 -0.124138 -0.123769 -0.123105 -0.122148 -0.120901 -0.119365 -0.117546 -0.115448 -0.113075 -0.110433 -0.107529 -0.104369 -0.100961 -0.097314 -0.093436 -0.089337 -0.085026 -0.080514 -0.075811 -0.070930 -0.065881 -0.060677 -0.055331 -0.049855 -0.044262 -0.038567 -0.032782 -0.026922 -0.021000 -0.015032 -0.009031 -0.003012 


 diagonal elements of p (1st step)
50000.030120 50000.030083 50000.029975 50000.029794 50000.029541 50000.029217 50000.028823 50000.028359 50000.027827 50000.027228 50000.026563 50000.025834 50000.025044 50000.024192 50000.023283 50000.022317 50000.021298 50000.020227 50000.019108 50000.017942 50000.016734 50000.015485 50000.014198 50000.012878 50000.011526 50000.010147 50000.008743 50000.007318 50000.005876 50000.004419 50000.002952 50000.001478 50000.000000 49999.998522 49999.997048 49999.995581 49999.994124 49999.992682 49999.991257 49999.989853 49999.988474 49999.987122 49999.985802 49999.984515 49999.983266 49999.982058 49999.980892 49999.979773 49999.978702 49999.977683 49999.976717 49999.975808 49999.974956 49999.974166 49999.973437 49999.972772 49999.972173 49999.971641 49999.971177 49999.970783 49999.970459 49999.970206 49999.970025 49999.969917 49999.969880 49999.969917 49999.970025 49999.970206 49999.970459 49999.970783 49999.971177 49999.971641 49999.972173 49999.972772 49999.973437 49999.974166 49999.974956 49999.975808 49999.976717 49999.977683 49999.978702 49999.979773 49999.980892 49999.982058 49999.983266 49999.984515 49999.985802 49999.987122 49999.988474 49999.989853 49999.991257 49999.992682 49999.994124 49999.995581 49999.997048 49999.998522 50000.000000 50000.001478 50000.002952 50000.004419 50000.005876 50000.007318 50000.008743 50000.010147 50000.011526 50000.012878 50000.014198 50000.015485 50000.016734 50000.017942 50000.019108 50000.020227 50000.021298 50000.022317 50000.023283 50000.024192 50000.025044 50000.025834 50000.026563 50000.027228 50000.027827 50000.028359 50000.028823 50000.029217 50000.029541 50000.029794 50000.029975 50000.030083 50000.030120 50000.030083 50000.029975 50000.029794 50000.029541 50000.029217 50000.028823 50000.028359 50000.027827 50000.027228 50000.026563 50000.025834 50000.025044 50000.024192 50000.023283 50000.022317 50000.021298 50000.020227 50000.019108 50000.017942 50000.016734 50000.015485 50000.014198 50000.012878 50000.011526 50000.010147 50000.008743 50000.007318 50000.005876 50000.004419 50000.002952 50000.001478 50000.000000 49999.998522 49999.997048 49999.995581 49999.994124 49999.992682 49999.991257 49999.989853 49999.988474 49999.987122 49999.985802 49999.984515 49999.983266 49999.982058 49999.980892 49999.979773 49999.978702 49999.977683 49999.976717 49999.975808 49999.974956 49999.974166 49999.973437 49999.972772 49999.972173 49999.971641 49999.971177 49999.970783 49999.970459 49999.970206 49999.970025 49999.969917 49999.969880 49999.969917 49999.970025 49999.970206 49999.970459 49999.970783 49999.971177 49999.971641 49999.972173 49999.972772 49999.973437 49999.974166 49999.974956 49999.975808 49999.976717 49999.977683 49999.978702 49999.979773 49999.980892 49999.982058 49999.983266 49999.984515 49999.985802 49999.987122 49999.988474 49999.989853 49999.991257 49999.992682 49999.994124 49999.995581 49999.997048 49999.998522 50000.000000 50000.001478 50000.002952 50000.004419 50000.005876 50000.007318 50000.008743 50000.010147 50000.011526 50000.012878 50000.014198 50000.015485 50000.016734 50000.017942 50000.019108 50000.020227 50000.021298 50000.022317 50000.023283 50000.024192 50000.025044 50000.025834 50000.026563 50000.027228 50000.027827 50000.028359 50000.028823 50000.029217 50000.029541 50000.029794 50000.029975 50000.030083 
 diagonal elements of u (1st step)
-0.003011 -0.009023 -0.015009 -0.020956 -0.026849 -0.032673 -0.038415 -0.044060 -0.049596 -0.055009 -0.060286 -0.065414 -0.070381 -0.075174 -0.079783 -0.084196 -0.088402 -0.092392 -0.096156 -0.099684 -0.102968 -0.106001 -0.108775 -0.111284 -0.113520 -0.115479 -0.117157 -0.118549 -0.119651 -0.120462 -0.120979 -0.121200 -0.121126 -0.120757 -0.120093 -0.119136 -0.117889 -0.116354 -0.114535 -0.112436 -0.110063 -0.107421 -0.104517 -0.101357 -0.097950 -0.094303 -0.090425 -0.086325 -0.082014 -0.077502 -0.072800 -0.067918 -0.062869 -0.057665 -0.052319 -0.046843 -0.041250 -0.035555 -0.029770 -0.023910 -0.017988 -0.012020 -0.006019 0.000000 0.006023 0.012035 0.018021 0.023968 0.029860 0.035685 0.041427 0.047072 0.052608 0.058021 0.063298 0.068426 0.073392 0.078186 0.082795 0.087207 0.091414 0.095404 0.099167 0.102696 0.105980 0.109013 0.111787 0.114295 0.116532 0.118491 0.120169 0.121561 0.122663 0.123474 0.123990 0.124212 0.124138 0.123769 0.123105 0.122148 0.120901 0.119365 0.117546 0.115448 0.113075 0.110433 0.107529 0.104369 0.100961 0.097314 0.093436 0.089337 0.085026 0.080514 0.075811 0.070930 0.065881 0.060677 0.055331 0.049855 0.044262 0.038567 0.032782 0.026922 0.021000 0.015032 0.009031 0.003012 -0.003011 -0.009023 -0.015009 -0.020956 -0.026849 -0.032673 -0.038415 -0.044060 -0.049596 -0.055009 -0.060286 -0.065414 -0.070381 -0.075174 -0.079783 -0.084196 -0.088402 -0.092392 -0.096156 -0.099684 -0.102969 -0.106001 -0.108775 -0.111284 -0.113520 -0.115479 -0.117157 -0.118549 -0.119651 -0.120462 -0.120979 -0.121200 -0.121126 -0.120757 -0.120093 -0.119136 -0.117889 -0.116354 -0.114535 -0.112436 -0.110063 -0.107421 -0.104517 -0.101357 -0.097950 -0.094303 -0.090425 -0.086325 -0.082014 -0.077502 -0.072800 -0.067918 -0.062869 -0.057665 -0.052319 -0.046843 -0.041250 -0.035555 -0.029770 -0.023910 -0.017988 -0.012020 -0.006019 0.000000 0.006023 0.012035 0.018021 0.023968 0.029860 0.035685 0.041427 0.047072 0.052608 0.058021 0.063298 0.068426 0.073392 0.078186 0.082795 0.087207 0.091414 0.095404 0.099167 0.102696 0.105980 0.109013 0.111787 0.114295 0.116532 0.118491 0.120169 0.121561 0.122663 0.123474 0.123990 0.124212 0.124138 0.123769 0.123105 0.122148 0.120901 0.119365 0.117546 0.115448 0.113075 0.110433 0.107529 0.104369 0.100961 0.097314 0.093436 0.089337 0.085026 0.080514 0.075811 0.070930 0.065881 0.060677 0.055331 0.049855 0.044262 0.038567 0.032782 0.026922 0.021000 0.015032 0.009031 0.003012 
 diagonal elements of v (1st step)
0.003011 0.009023 0.015009 0.020956 0.026848 0.032673 0.038415 0.044060 0.049596 0.055009 0.060286 0.065414 0.070380 0.075174 0.079783 0.084196 0.088402 0.092392 0.096156 0.099684 0.102968 0.106001 0.108775 0.111283 0.113520 0.115479 0.117157 0.118549 0.119651 0.120462 0.120979 0.121200 0.121126 0.120757 0.120093 0.119136 0.117889 0.116354 0.114535 0.112436 0.110063 0.107421 0.104517 0.101357 0.097950 0.094303 0.090425 0.086325 0.082014 0.077502 0.072800 0.067918 0.062869 0.057665 0.052319 0.046843 0.041250 0.035555 0.029770 0.023910 0.017988 0.012020 0.006019 0.000000 -0.006023 -0.012035 -0.018021 -0.023968 -0.029860 -0.035685 -0.041426 -0.047072 -0.052608 -0.058021 -0.063298 -0.068426 -0.073392 -0.078186 -0.082794 -0.087207 -0.091414 -0.095404 -0.099167 -0.102696 -0.105980 -0.109013 -0.111787 -0.114295 -0.116532 -0.118491 -0.120169 -0.121560 -0.122663 -0.123474 -0.123990 -0.124212 -0.124138 -0.123769 -0.123105 -0.122148 -0.120901 -0.119366 -0.117546 -0.115448 -0.113075 -0.110433 -0.107529 -0.104369 -0.100961 -0.097314 -0.093436 -0.089337 -0.085026 -0.080514 -0.075811 -0.070930 -0.065881 -0.060677 -0.055331 -0.049855 -0.044262 -0.038567 -0.032782 -0.026922 -0.021000 -0.015032 -0.009031 -0.003012 0.003011 0.009023 0.015009 0.020956 0.026848 0.032673 0.038415 0.044060 0.049596 0.055009 0.060286 0.065414 0.070380 0.075174 0.079783 0.084196 0.088402 0.092392 0.096156 0.099684 0.102968 0.106001 0.108775 0.111284 0.113520 0.115479 0.117157 0.118549 0.119651 0.120462 0.120979 0.121200 0.121126 0.120757 0.120093 0.119136 0.117889 0.116354 0.114535 0.112436 0.110063 0.107421 0.104517 0.101357 0.097950 0.094303 0.090425 0.086325 0.082014 0.077502 0.072800 0.067918 0.062869 0.057665 0.052319 0.046843 0.041250 0.035555 0.029770 0.023910 0.017988 0.012020 0.006019 0.000000 -0.006023 -0.012035 -0.018021 -0.023968 -0.029860 -0.035685 -0.041426 -0.047072 -0.052608 -0.058021 -0.063298 -0.068426 -0.073392 -0.078186 -0.082795 -0.087207 -0.091414 -0.095404 -0.099167 -0.102696 -0.105980 -0.109013 -0.111787 -0.114295 -0.116532 -0.118491 -0.120169 -0.121561 -0.122663 -0.123474 -0.123990 -0.124212 -0.124138 -0.123769 -0.123105 -0.122148 -0.120901 -0.119366 -0.117546 -0.115448 -0.113075 -0.110433 -0.107529 -0.104369 -0.100961 -0.097314 -0.093436 -0.089337 -0.085026 -0.080514 -0.075811 -0.070930 -0.065881 -0.060677 -0.055331 -0.049855 -0.044262 -0.038567 -0.032782 -0.026922 -0.021000 -0.015032 -0.009031 -0.003012 

 update steps taken =  3999 simulated time in hours 100.000000


 diagonal elements of p (after 4000 steps)
50000.030061 50000.029935 50000.029737 50000.029467 50000.029126 50000.028715 50000.028235 50000.027687 50000.027072 50000.026392 50000.025649 50000.024843 50000.023978 50000.023055 50000.022076 50000.021045 50000.019962 50000.018832 50000.017656 50000.016437 50000.015179 50000.013885 50000.012557 50000.011198 50000.009813 50000.008404 50000.006975 50000.005529 50000.004069 50000.002600 50000.001125 49999.999647 49999.998170 49999.996697 49999.995232 49999.993778 49999.992340 49999.990920 49999.989522 49999.988149 49999.986805 49999.985492 49999.984215 49999.982975 49999.981777 49999.980622 49999.979514 49999.978455 49999.977449 49999.976496 49999.975601 49999.974764 49999.973987 49999.973274 49999.972625 49999.972042 49999.971526 49999.971079 49999.970701 49999.970394 49999.970158 49999.969995 49999.969903 49999.969884 49999.969938 49999.970064 49999.970262 49999.970532 49999.970873 49999.971284 49999.971764 49999.972312 49999.972927 49999.973607 49999.974351 49999.975156 49999.976021 49999.976944 49999.977923 49999.978955 49999.980037 49999.981168 49999.982344 49999.983562 49999.984821 49999.986115 49999.987443 49999.988802 49999.990187 49999.991596 49999.993025 49999.994471 49999.995931 49999.997400 49999.998875 50000.000353 50000.001830 50000.003303 50000.004768 50000.006222 50000.007660 50000.009080 50000.010478 50000.011851 50000.013195 50000.014508 50000.015785 50000.017025 50000.018223 50000.019378 50000.020486 50000.021544 50000.022551 50000.023503 50000.024399 50000.025236 50000.026012 50000.026725 50000.027374 50000.027958 50000.028473 50000.028921 50000.029298 50000.029605 50000.029841 50000.030004 50000.030096 50000.030115 50000.030061 50000.029935 50000.029737 50000.029467 50000.029126 50000.028715 50000.028235 50000.027687 50000.027072 50000.026392 50000.025649 50000.024843 50000.023978 50000.023055 50000.022076 50000.021045 50000.019962 50000.018832 50000.017656 50000.016437 50000.015179 50000.013885 50000.012556 50000.011198 50000.009813 50000.008404 50000.006975 50000.005529 50000.004069 50000.002600 50000.001125 49999.999647 49999.998169 49999.996697 49999.995232 49999.993778 49999.992340 49999.990920 49999.989522 49999.988149 49999.986805 49999.985492 49999.984215 49999.982975 49999.981777 49999.980622 49999.979514 49999.978455 49999.977449 49999.976496 49999.975601 49999.974764 49999.973987 49999.973274 49999.972625 49999.972042 49999.971526 49999.971079 49999.970701 49999.970394 49999.970158 49999.969995 49999.969903 49999.969884 49999.969938 49999.970064 49999.970262 49999.970532 49999.970873 49999.971284 49999.971764 49999.972312 49999.972927 49999.973607 49999.974351 49999.975156 49999.976021 49999.976944 49999.977923 49999.978955 49999.980037 49999.981168 49999.982344 49999.983562 49999.984821 49999.986115 49999.987443 49999.988802 49999.990187 49999.991596 49999.993025 49999.994471 49999.995931 49999.997400 49999.998875 50000.000353 50000.001830 50000.003303 50000.004768 50000.006222 50000.007660 50000.009080 50000.010478 50000.011851 50000.013195 50000.014508 50000.015785 50000.017025 50000.018223 50000.019378 50000.020486 50000.021544 50000.022551 50000.023503 50000.024399 50000.025236 50000.026012 50000.026725 50000.027374 50000.027958 50000.028473 50000.028921 50000.029298 50000.029605 50000.029841 50000.030004 50000.030096 50000.030115 
 diagonal elements of u (after 4000 steps)
-0.003014 -0.009026 -0.015012 -0.020959 -0.026852 -0.032676 -0.038418 -0.044063 -0.049599 -0.055012 -0.060289 -0.065417 -0.070383 -0.075177 -0.079785 -0.084198 -0.088404 -0.092394 -0.096158 -0.099686 -0.102970 -0.106003 -0.108777 -0.111285 -0.113521 -0.115480 -0.117158 -0.118549 -0.119652 -0.120462 -0.120979 -0.121200 -0.121126 -0.120757 -0.120093 -0.119136 -0.117888 -0.116353 -0.114534 -0.112435 -0.110062 -0.107420 -0.104515 -0.101355 -0.097948 -0.094301 -0.090423 -0.086323 -0.082012 -0.077500 -0.072797 -0.067915 -0.062867 -0.057663 -0.052316 -0.046840 -0.041247 -0.035552 -0.029767 -0.023907 -0.017985 -0.012017 -0.006016 0.000003 0.006026 0.012038 0.018024 0.023971 0.029863 0.035688 0.041430 0.047075 0.052611 0.058024 0.063301 0.068428 0.073395 0.078188 0.082797 0.087210 0.091416 0.095406 0.099169 0.102698 0.105982 0.109015 0.111789 0.114297 0.116533 0.118492 0.120170 0.121561 0.122664 0.123474 0.123991 0.124212 0.124138 0.123769 0.123105 0.122148 0.120900 0.119365 0.117546 0.115447 0.113074 0.110432 0.107527 0.104367 0.100960 0.097312 0.093434 0.089335 0.085024 0.080512 0.075809 0.070927 0.065878 0.060674 0.055328 0.049852 0.044259 0.038564 0.032779 0.026919 0.020997 0.015029 0.009028 0.003009 -0.003014 -0.009026 -0.015012 -0.020959 -0.026852 -0.032676 -0.038418 -0.044063 -0.049599 -0.055012 -0.060289 -0.065417 -0.070383 -0.075177 -0.079785 -0.084198 -0.088404 -0.092394 -0.096158 -0.099686 -0.102970 -0.106003 -0.108777 -0.111285 -0.113521 -0.115480 -0.117158 -0.118549 -0.119652 -0.120462 -0.120979 -0.121200 -0.121126 -0.120757 -0.120093 -0.119136 -0.117888 -0.116353 -0.114534 -0.112435 -0.110062 -0.107420 -0.104515 -0.101355 -0.097948 -0.094301 -0.090423 -0.086323 -0.082012 -0.077500 -0.072797 -0.067915 -0.062867 -0.057663 -0.052316 -0.046840 -0.041247 -0.035552 -0.029767 -0.023907 -0.017985 -0.012017 -0.006016 0.000003 0.006026 0.012038 0.018024 0.023971 0.029863 0.035688 0.041430 0.047075 0.052611 0.058024 0.063301 0.068428 0.073395 0.078188 0.082797 0.087210 0.091416 0.095406 0.099169 0.102698 0.105982 0.109015 0.111789 0.114297 0.116533 0.118492 0.120170 0.121561 0.122664 0.123474 0.123991 0.124212 0.124138 0.123769 0.123105 0.122148 0.120900 0.119365 0.117546 0.115447 0.113074 0.110432 0.107527 0.104367 0.100960 0.097312 0.093434 0.089335 0.085024 0.080512 0.075809 0.070927 0.065878 0.060674 0.055328 0.049852 0.044259 0.038564 0.032779 0.026919 0.020997 0.015029 0.009028 0.003009 
 diagonal elements of v (after 4000 step)
0.003008 0.009020 0.015006 0.020953 0.026845 0.032670 0.038412 0.044057 0.049593 0.055006 0.060283 0.065411 0.070378 0.075171 0.079780 0.084193 0.088400 0.092390 0.096154 0.099682 0.102967 0.106000 0.108774 0.111282 0.113519 0.115478 0.117156 0.118548 0.119651 0.120461 0.120978 0.121200 0.121126 0.120757 0.120093 0.119137 0.117889 0.116354 0.114536 0.112437 0.110064 0.107423 0.104518 0.101359 0.097951 0.094304 0.090427 0.086327 0.082017 0.077505 0.072802 0.067921 0.062872 0.057668 0.052322 0.046846 0.041253 0.035558 0.029773 0.023913 0.017992 0.012023 0.006022 0.000003 -0.006020 -0.012031 -0.018018 -0.023965 -0.029857 -0.035681 -0.041423 -0.047069 -0.052605 -0.058018 -0.063295 -0.068423 -0.073390 -0.078183 -0.082792 -0.087205 -0.091412 -0.095402 -0.099165 -0.102694 -0.105979 -0.109012 -0.111786 -0.114294 -0.116531 -0.118490 -0.120168 -0.121560 -0.122662 -0.123473 -0.123990 -0.124212 -0.124138 -0.123769 -0.123105 -0.122149 -0.120901 -0.119366 -0.117547 -0.115449 -0.113076 -0.110434 -0.107530 -0.104371 -0.100963 -0.097316 -0.093439 -0.089339 -0.085028 -0.080516 -0.075814 -0.070932 -0.065884 -0.060680 -0.055334 -0.049858 -0.044265 -0.038570 -0.032785 -0.026925 -0.021003 -0.015035 -0.009034 -0.003015 0.003008 0.009020 0.015006 0.020953 0.026845 0.032670 0.038412 0.044057 0.049593 0.055006 0.060283 0.065411 0.070378 0.075171 0.079780 0.084193 0.088400 0.092390 0.096154 0.099682 0.102967 0.106000 0.108774 0.111282 0.113519 0.115478 0.117156 0.118548 0.119651 0.120461 0.120978 0.121200 0.121126 0.120757 0.120093 0.119137 0.117889 0.116354 0.114536 0.112437 0.110064 0.107423 0.104518 0.101359 0.097951 0.094304 0.090427 0.086327 0.082017 0.077505 0.072802 0.067921 0.062872 0.057668 0.052322 0.046846 0.041253 0.035558 0.029773 0.023913 0.017992 0.012023 0.006022 0.000003 -0.006020 -0.012031 -0.018018 -0.023965 -0.029857 -0.035681 -0.041423 -0.047069 -0.052605 -0.058018 -0.063295 -0.068423 -0.073390 -0.078183 -0.082792 -0.087205 -0.091412 -0.095402 -0.099165 -0.102694 -0.105979 -0.109012 -0.111786 -0.114294 -0.116531 -0.118490 -0.120168 -0.121560 -0.122662 -0.123473 -0.123990 -0.124212 -0.124138 -0.123769 -0.123105 -0.122149 -0.120901 -0.119366 -0.117547 -0.115449 -0.113076 -0.110434 -0.107530 -0.104371 -0.100963 -0.097316 -0.093438 -0.089339 -0.085028 -0.080516 -0.075814 -0.070932 -0.065884 -0.060680 -0.055334 -0.049858 -0.044265 -0.038570 -0.032785 -0.026925 -0.021003 -0.015035 -0.009034 -0.003015 

 cycle number 3999 total computer time 2.765607 time per cycle 0.000692
 time and megaflops for update 2.765219 6160.488612
 time and megabytes/sec for copy 0.000076 84059821.892320
