-0.705031 -0.538253 -0.291301 0.000000 0.291301 0.538254 0.703262 0.761205 0.703262 0.538253 0.291301 -0.000000 -0.291301 -0.538254 -0.703262 -0.761205 -0.703262 
-2.002719 -1.532815 -0.829553 0.000000 0.829554 1.532815 2.002719 2.167728 2.002719 1.532815 0.829553 -0.000000 -0.829554 -1.532815 -2.002719 -2.167728 -2.002719 
-2.997281 -2.294020 -1.241514 0.000000 1.241515 2.294020 2.997281 3.244234 2.997281 2.294019 1.241514 -0.000000 -1.241515 -2.294020 -2.997281 -3.244234 -2.997281 
-3.535534 -2.705981 -1.464466 0.000000 1.464466 2.705981 3.535534 3.826834 3.535534 2.705980 1.464466 -0.000001 -1.464467 -2.705981 -3.535534 -3.826834 -3.535534 
-3.535534 -2.705980 -1.464466 0.000000 1.464466 2.705981 3.535534 3.826834 3.535534 2.705980 1.464466 -0.000001 -1.464467 -2.705981 -3.535534 -3.826834 -3.535534 
-2.997281 -2.294019 -1.241514 0.000000 1.241515 2.294020 2.997281 3.244233 2.997281 2.294019 1.241514 -0.000000 -1.241515 -2.294020 -2.997281 -3.244233 -2.997281 
-2.002719 -1.532815 -0.829553 0.000000 0.829553 1.532815 2.002719 2.167727 2.002719 1.532815 0.829553 -0.000000 -0.829554 -1.532815 -2.002719 -2.167727 -2.002719 
-0.703261 -0.538253 -0.291300 0.000000 0.291300 0.538253 0.703261 0.761204 0.703261 0.538253 0.291300 -0.000000 -0.291300 -0.538253 -0.703261 -0.761204 -0.703261 
0.703262 0.538253 0.291301 -0.000000 -0.291301 -0.538253 -0.703262 -0.761205 -0.703262 -0.538253 -0.291300 0.000000 0.291301 0.538253 0.703262 0.761205 0.703262 
2.002719 1.532815 0.829553 -0.000000 -0.829554 -1.532815 -2.002720 -2.167728 -2.002719 -1.532815 -0.829553 0.000000 0.829554 1.532815 2.002720 2.167728 2.002719 
2.997281 2.294020 1.241514 -0.000000 -1.241515 -2.294020 -2.997281 -3.244234 -2.997281 -2.294019 -1.241514 0.000000 1.241515 2.294020 2.997281 3.244234 2.997281 
3.535534 2.705981 1.464466 -0.000000 -1.464466 -2.705981 -3.535534 -3.826835 -3.535534 -2.705980 -1.464466 0.000001 1.464467 2.705981 3.535534 3.826835 3.535534 
3.535534 2.705980 1.464466 -0.000000 -1.464466 -2.705981 -3.535534 -3.826834 -3.535534 -2.705980 -1.464466 0.000001 1.464467 2.705981 3.535534 3.826834 3.535534 
2.997281 2.294019 1.241514 -0.000000 -1.241514 -2.294019 -2.997281 -3.244233 -2.997281 -2.294019 -1.241514 0.000000 1.241515 2.294020 2.997281 3.244233 2.997281 
2.002719 1.532814 0.829553 -0.000000 -0.829553 -1.532815 -2.002719 -2.167727 -2.002719 -1.532814 -0.829553 0.000000 0.829554 1.532815 2.002719 2.167727 2.002719 
0.703261 0.538253 0.291300 -0.000000 -0.291300 -0.538253 -0.703261 -0.761204 -0.703261 -0.538252 -0.291300 0.000000 0.291300 0.538253 0.703261 0.761204 0.703261 
-0.703262 -0.538253 -0.291301 0.000000 0.291301 0.538254 0.703262 0.761205 0.703262 0.538253 0.291301 -0.000000 -0.291301 -0.538254 -0.703262 -0.761205 -0.703262 
