0.701346 2.002719 2.997281 3.535534 3.535534 2.997281 2.002719 0.703261 -0.703262 -2.002719 -2.997281 -3.535534 -3.535534 -2.997281 -2.002719 -0.703261 0.703262 
0.538253 1.532815 2.294020 2.705981 2.705980 2.294019 1.532815 0.538253 -0.538253 -1.532815 -2.294020 -2.705981 -2.705980 -2.294019 -1.532814 -0.538253 0.538253 
0.291301 0.829553 1.241514 1.464466 1.464466 1.241514 0.829553 0.291300 -0.291301 -0.829553 -1.241514 -1.464466 -1.464466 -1.241514 -0.829553 -0.291300 0.291301 
-0.000000 -0.000000 -0.000000 -0.000000 -0.000000 -0.000000 -0.000000 -0.000000 0.000000 0.000000 0.000000 0.000000 0.000000 0.000000 0.000000 0.000000 -0.000000 
-0.291301 -0.829554 -1.241515 -1.464466 -1.464466 -1.241515 -0.829553 -0.291300 0.291301 0.829554 1.241515 1.464466 1.464466 1.241514 0.829553 0.291300 -0.291301 
-0.538254 -1.532815 -2.294020 -2.705981 -2.705981 -2.294020 -1.532815 -0.538253 0.538253 1.532815 2.294020 2.705981 2.705981 2.294019 1.532815 0.538253 -0.538254 
-0.703262 -2.002719 -2.997281 -3.535534 -3.535534 -2.997281 -2.002719 -0.703261 0.703262 2.002720 2.997281 3.535534 3.535534 2.997281 2.002719 0.703261 -0.703262 
-0.761205 -2.167728 -3.244234 -3.826834 -3.826834 -3.244233 -2.167727 -0.761204 0.761205 2.167728 3.244234 3.826835 3.826834 3.244233 2.167727 0.761204 -0.761205 
-0.703262 -2.002719 -2.997281 -3.535534 -3.535534 -2.997281 -2.002719 -0.703261 0.703262 2.002719 2.997281 3.535534 3.535534 2.997281 2.002719 0.703261 -0.703262 
-0.538253 -1.532815 -2.294019 -2.705980 -2.705980 -2.294019 -1.532815 -0.538253 0.538253 1.532815 2.294019 2.705980 2.705980 2.294019 1.532814 0.538252 -0.538253 
-0.291301 -0.829553 -1.241514 -1.464466 -1.464466 -1.241514 -0.829553 -0.291300 0.291300 0.829553 1.241514 1.464466 1.464466 1.241514 0.829553 0.291300 -0.291301 
0.000000 0.000000 0.000000 0.000001 0.000001 0.000000 0.000000 0.000000 -0.000000 -0.000000 -0.000000 -0.000001 -0.000001 -0.000000 -0.000000 -0.000000 0.000000 
0.291301 0.829554 1.241515 1.464467 1.464467 1.241515 0.829554 0.291300 -0.291301 -0.829554 -1.241515 -1.464467 -1.464467 -1.241515 -0.829554 -0.291300 0.291301 
0.538254 1.532815 2.294020 2.705981 2.705981 2.294020 1.532815 0.538253 -0.538253 -1.532815 -2.294020 -2.705981 -2.705981 -2.294020 -1.532815 -0.538253 0.538254 
0.703262 2.002719 2.997281 3.535534 3.535534 2.997281 2.002719 0.703261 -0.703262 -2.002720 -2.997281 -3.535534 -3.535534 -2.997281 -2.002719 -0.703261 0.703262 
0.761205 2.167728 3.244234 3.826834 3.826834 3.244233 2.167727 0.761204 -0.761205 -2.167728 -3.244234 -3.826835 -3.826834 -3.244233 -2.167727 -0.761204 0.761205 
0.703262 2.002719 2.997281 3.535534 3.535534 2.997281 2.002719 0.703261 -0.703262 -2.002719 -2.997281 -3.535534 -3.535534 -2.997281 -2.002719 -0.703261 0.703262 
